s127-for.body3
Count:    1
Min:      1895182000
Median:   8000017
Mean:     9.47591e+08
Max:      1895182000
StdDev:  ±9.47591e+08
