s127-for.body3
Count:    1
Min:      1822366000
Median:   8000017
Mean:     9.11183e+08
Max:      1822366000
StdDev:  ±9.11183e+08
