s127-for.body3
Count:    1
Min:      1905263000
Median:   8000017
Mean:     9.52632e+08
Max:      1905263000
StdDev:  ±9.52632e+08
