s127-for.body3
Count:    1
Min:      1894876000
Median:   8000017
Mean:     9.47438e+08
Max:      1894876000
StdDev:  ±9.47438e+08
