s127-for.body3
Count:    1
Min:      1899933000
Median:   8000017
Mean:     9.49966e+08
Max:      1899933000
StdDev:  ±9.49966e+08
