s127-for.body3
Count:    1
Min:      1868569000
Median:   8000017
Mean:     9.34284e+08
Max:      1868569000
StdDev:  ±9.34284e+08
