s127-for.body3
Count:    1
Min:      1868545000
Median:   8000017
Mean:     9.34272e+08
Max:      1868545000
StdDev:  ±9.34272e+08
