s127-for.body3
Count:    1
Min:      1906808000
Median:   8000017
Mean:     9.53404e+08
Max:      1906808000
StdDev:  ±9.53404e+08
