s127-for.body3
Count:    1
Min:      1906255000
Median:   8000017
Mean:     9.53128e+08
Max:      1906255000
StdDev:  ±9.53128e+08
