s127-for.body3
Count:    1
Min:      1906528000
Median:   8000017
Mean:     9.53264e+08
Max:      1906528000
StdDev:  ±9.53264e+08
