s127-for.body3
Count:    1
Min:      1821838000
Median:   8000017
Mean:     9.10919e+08
Max:      1821838000
StdDev:  ±9.10919e+08
