dijkstra-for.body14
Count:    100
Min:      1787000
Median:   3671000
Mean:     3.84973e+06
Max:      7496000
StdDev:  ±1.04679e+06
