find-for.body
Count:    1
Min:      5154484000
Median:   8000017
Mean:     2.57724e+09
Max:      5154484000
StdDev:  ±2.57724e+09
