find-for.body
Count:    1
Min:      5154544000
Median:   8000017
Mean:     2.57727e+09
Max:      5154544000
StdDev:  ±2.57727e+09
