find-for.body
Count:    1
Min:      5154551000
Median:   8000017
Mean:     2.57728e+09
Max:      5154551000
StdDev:  ±2.57728e+09
