find-for.body
Count:    1
Min:      5154562000
Median:   8000017
Mean:     2.57728e+09
Max:      5154562000
StdDev:  ±2.57728e+09
