find-for.body
Count:    1
Min:      5154508000
Median:   8000017
Mean:     2.57725e+09
Max:      5154508000
StdDev:  ±2.57725e+09
