find-for.body
Count:    1
Min:      5154542000
Median:   8000017
Mean:     2.57727e+09
Max:      5154542000
StdDev:  ±2.57727e+09
