find-for.body
Count:    1
Min:      5154514000
Median:   8000017
Mean:     2.57726e+09
Max:      5154514000
StdDev:  ±2.57726e+09
