s331-for.body3
Count:    1
Min:      11230869658
Median:   8003586
Mean:     5.61543e+09
Max:      11230869658
StdDev:  ±5.61543e+09
