s331-for.body3
Count:    1
Min:      11212162428
Median:   8003586
Mean:     5.60608e+09
Max:      11212162428
StdDev:  ±5.60608e+09
