s331-for.body3
Count:    1
Min:      11215465226
Median:   8003586
Mean:     5.60773e+09
Max:      11215465226
StdDev:  ±5.60773e+09
