s331-for.body3
Count:    1
Min:      11211512048
Median:   8003586
Mean:     5.60576e+09
Max:      11211512048
StdDev:  ±5.60576e+09
