kernel_cholesky_StrictFP-for.body31.us
Count:    1
Min:      1959637345
Median:   8003586
Mean:     9.79819e+08
Max:      1959637345
StdDev:  ±9.79819e+08
