kernel_cholesky_StrictFP-for.body31.us
Count:    1
Min:      1942462377
Median:   8003586
Mean:     9.71231e+08
Max:      1942462377
StdDev:  ±9.71231e+08
