kernel_cholesky_StrictFP-for.body31.us
Count:    1
Min:      1948985906
Median:   8003586
Mean:     9.74493e+08
Max:      1948985906
StdDev:  ±9.74493e+08
