kernel_cholesky_StrictFP-for.body31.us
Count:    1
Min:      1958134926
Median:   8003586
Mean:     9.79067e+08
Max:      1958134926
StdDev:  ±9.79067e+08
