kernel_cholesky_StrictFP-for.body31.us
Count:    1
Min:      1947635048
Median:   8003586
Mean:     9.73818e+08
Max:      1947635048
StdDev:  ±9.73818e+08
