fib-if.else
Count:    1
Min:      48198131000
Median:   8000017
Mean:     2.40991e+10
Max:      48198131000
StdDev:  ±2.40991e+10
