fib-if.else
Count:    1
Min:      46930689000
Median:   8000017
Mean:     2.34653e+10
Max:      46930689000
StdDev:  ±2.34653e+10
