fib-if.else
Count:    1
Min:      46769427000
Median:   8000017
Mean:     2.33847e+10
Max:      46769427000
StdDev:  ±2.33847e+10
