fib-if.else
Count:    1
Min:      46692273000
Median:   8000017
Mean:     2.33461e+10
Max:      46692273000
StdDev:  ±2.33461e+10
