fib-if.else
Count:    1
Min:      47304134000
Median:   8000017
Mean:     2.36521e+10
Max:      47304134000
StdDev:  ±2.36521e+10
