fib-if.else
Count:    1
Min:      47057441000
Median:   8000017
Mean:     2.35287e+10
Max:      47057441000
StdDev:  ±2.35287e+10
