fib-if.else
Count:    1
Min:      46736660000
Median:   8000017
Mean:     2.33683e+10
Max:      46736660000
StdDev:  ±2.33683e+10
