fib-if.else
Count:    1
Min:      46954374000
Median:   8000017
Mean:     2.34772e+10
Max:      46954374000
StdDev:  ±2.34772e+10
