fib-if.else
Count:    1
Min:      47189742000
Median:   8000017
Mean:     2.35949e+10
Max:      47189742000
StdDev:  ±2.35949e+10
