fib-if.else
Count:    1
Min:      48237837000
Median:   8000017
Mean:     2.41189e+10
Max:      48237837000
StdDev:  ±2.41189e+10
