fib-if.else
Count:    1
Min:      48299412000
Median:   8000017
Mean:     2.41497e+10
Max:      48299412000
StdDev:  ±2.41497e+10
