fib-if.else
Count:    1
Min:      47148548000
Median:   8000017
Mean:     2.35743e+10
Max:      47148548000
StdDev:  ±2.35743e+10
