fib-if.else
Count:    1
Min:      47250478000
Median:   8000017
Mean:     2.36252e+10
Max:      47250478000
StdDev:  ±2.36252e+10
