fib-if.else
Count:    1
Min:      47334939000
Median:   8000017
Mean:     2.36675e+10
Max:      47334939000
StdDev:  ±2.36675e+10
