fib-if.else
Count:    1
Min:      47146626000
Median:   8000017
Mean:     2.35733e+10
Max:      47146626000
StdDev:  ±2.35733e+10
