main-for.body
Count:    1
Min:      23826740918
Median:   8003586
Mean:     1.19134e+10
Max:      23826740918
StdDev:  ±1.19134e+10
