main-for.body
Count:    1
Min:      23821820603
Median:   8003586
Mean:     1.19109e+10
Max:      23821820603
StdDev:  ±1.19109e+10
