main-for.body
Count:    1
Min:      23820377341
Median:   8003586
Mean:     1.19102e+10
Max:      23820377341
StdDev:  ±1.19102e+10
