main-for.body
Count:    1
Min:      23822111466
Median:   8003586
Mean:     1.19111e+10
Max:      23822111466
StdDev:  ±1.19111e+10
