main-for.body
Count:    1
Min:      23819254176
Median:   8003586
Mean:     1.19096e+10
Max:      23819254176
StdDev:  ±1.19096e+10
