main-for.body
Count:    1
Min:      23819598040
Median:   8003586
Mean:     1.19098e+10
Max:      23819598040
StdDev:  ±1.19098e+10
