main-for.body
Count:    1
Min:      23820482315
Median:   8003586
Mean:     1.19102e+10
Max:      23820482315
StdDev:  ±1.19102e+10
