main-for.body
Count:    1
Min:      23820528732
Median:   8003586
Mean:     1.19103e+10
Max:      23820528732
StdDev:  ±1.19103e+10
