main-for.body
Count:    1
Min:      23819695019
Median:   8003586
Mean:     1.19098e+10
Max:      23819695019
StdDev:  ±1.19098e+10
