kernel_trmm_StrictFP-for.body6
Count:    1
Min:      7978957302
Median:   8003586
Mean:     3.98948e+09
Max:      7978957302
StdDev:  ±3.98948e+09
