kernel_trmm_StrictFP-for.body6
Count:    1
Min:      7972621455
Median:   8003586
Mean:     3.98631e+09
Max:      7972621455
StdDev:  ±3.98631e+09
