kernel_trmm_StrictFP-for.body6
Count:    1
Min:      7970452629
Median:   8003586
Mean:     3.98523e+09
Max:      7970452629
StdDev:  ±3.98523e+09
