kernel_trmm_StrictFP-for.body6
Count:    1
Min:      7977318471
Median:   8003586
Mean:     3.98866e+09
Max:      7977318471
StdDev:  ±3.98866e+09
