kernel_trmm_StrictFP-for.body6
Count:    1
Min:      7988104188
Median:   8003586
Mean:     3.99405e+09
Max:      7988104188
StdDev:  ±3.99405e+09
