kernel_trmm_StrictFP-for.body6
Count:    1
Min:      7989985699
Median:   8003586
Mean:     3.99499e+09
Max:      7989985699
StdDev:  ±3.99499e+09
