kernel_trmm_StrictFP-for.body6
Count:    1
Min:      7980547424
Median:   8003586
Mean:     3.99027e+09
Max:      7980547424
StdDev:  ±3.99027e+09
