kernel_trmm_StrictFP-for.body6
Count:    1
Min:      7993293478
Median:   8003586
Mean:     3.99665e+09
Max:      7993293478
StdDev:  ±3.99665e+09
