kernel_jacobi_2d_imper_StrictFP-vector.body29
Count:    1
Min:      127101000
Median:   8000017
Mean:     6.35505e+07
Max:      127101000
StdDev:  ±6.35505e+07
