kernel_jacobi_2d_imper_StrictFP-vector.body29
Count:    1
Min:      127089000
Median:   8000017
Mean:     6.35445e+07
Max:      127089000
StdDev:  ±6.35445e+07
