kernel_jacobi_2d_imper_StrictFP-vector.body29
Count:    1
Min:      125347000
Median:   8000017
Mean:     6.26735e+07
Max:      125347000
StdDev:  ±6.26735e+07
