kernel_fdtd_2d_StrictFP-vector.body
Count:    1
Min:      566038000
Median:   8000017
Mean:     2.83019e+08
Max:      566038000
StdDev:  ±2.83019e+08
