kernel_fdtd_2d_StrictFP-vector.body
Count:    1
Min:      566028000
Median:   8000017
Mean:     2.83014e+08
Max:      566028000
StdDev:  ±2.83014e+08
