kernel_fdtd_2d_StrictFP-vector.body
Count:    1
Min:      566351000
Median:   8000017
Mean:     2.83176e+08
Max:      566351000
StdDev:  ±2.83176e+08
