kernel_fdtd_2d_StrictFP-vector.body
Count:    1
Min:      564047000
Median:   8000017
Mean:     2.82024e+08
Max:      564047000
StdDev:  ±2.82024e+08
