kernel_fdtd_2d_StrictFP-vector.body
Count:    1
Min:      564068000
Median:   8000017
Mean:     2.82034e+08
Max:      564068000
StdDev:  ±2.82034e+08
