kernel_fdtd_2d_StrictFP-vector.body
Count:    1
Min:      568209000
Median:   8000017
Mean:     2.84104e+08
Max:      568209000
StdDev:  ±2.84104e+08
