kernel_fdtd_2d_StrictFP-vector.body
Count:    1
Min:      576746000
Median:   8000017
Mean:     2.88373e+08
Max:      576746000
StdDev:  ±2.88373e+08
