kernel_fdtd_2d_StrictFP-vector.body
Count:    1
Min:      574624000
Median:   8000017
Mean:     2.87312e+08
Max:      574624000
StdDev:  ±2.87312e+08
