kernel_fdtd_2d_StrictFP-vector.body
Count:    1
Min:      574609000
Median:   8000017
Mean:     2.87304e+08
Max:      574609000
StdDev:  ±2.87304e+08
