kernel_fdtd_2d_StrictFP-vector.body
Count:    1
Min:      583508000
Median:   8000017
Mean:     2.91754e+08
Max:      583508000
StdDev:  ±2.91754e+08
