kernel_fdtd_2d_StrictFP-vector.body
Count:    1
Min:      572528000
Median:   8000017
Mean:     2.86264e+08
Max:      572528000
StdDev:  ±2.86264e+08
