kernel_fdtd_2d_StrictFP-vector.body
Count:    1
Min:      553943000
Median:   8000017
Mean:     2.76972e+08
Max:      553943000
StdDev:  ±2.76972e+08
