kernel_fdtd_2d_StrictFP-vector.body
Count:    1
Min:      547168000
Median:   8000017
Mean:     2.73584e+08
Max:      547168000
StdDev:  ±2.73584e+08
