kernel_fdtd_2d_StrictFP-vector.body
Count:    1
Min:      547209000
Median:   8000017
Mean:     2.73604e+08
Max:      547209000
StdDev:  ±2.73604e+08
