kernel_fdtd_2d_StrictFP-vector.body
Count:    1
Min:      580222000
Median:   8000017
Mean:     2.90111e+08
Max:      580222000
StdDev:  ±2.90111e+08
