bpnn_train_kernel-for.body138
Count:    1
Min:      14397184216
Median:   8003586
Mean:     7.19859e+09
Max:      14397184216
StdDev:  ±7.19859e+09
