bpnn_train_kernel-for.body138
Count:    1
Min:      14355253572
Median:   8003586
Mean:     7.17763e+09
Max:      14355253572
StdDev:  ±7.17763e+09
