bpnn_train_kernel-for.body138
Count:    1
Min:      14413699989
Median:   8003586
Mean:     7.20685e+09
Max:      14413699989
StdDev:  ±7.20685e+09
