bpnn_train_kernel-for.body138
Count:    1
Min:      14413729544
Median:   8003586
Mean:     7.20686e+09
Max:      14413729544
StdDev:  ±7.20686e+09
