bpnn_train_kernel-for.body138
Count:    1
Min:      14514186696
Median:   8003586
Mean:     7.25709e+09
Max:      14514186696
StdDev:  ±7.25709e+09
