bpnn_train_kernel-for.body138
Count:    1
Min:      14615272749
Median:   8003586
Mean:     7.30764e+09
Max:      14615272749
StdDev:  ±7.30764e+09
