bpnn_train_kernel-for.body138
Count:    1
Min:      14351733805
Median:   8003586
Mean:     7.17587e+09
Max:      14351733805
StdDev:  ±7.17587e+09
