kernel_gemver_StrictFP-for.body68
Count:    1
Min:      3758342684
Median:   8003586
Mean:     1.87917e+09
Max:      3758342684
StdDev:  ±1.87917e+09
