kernel_gemver_StrictFP-for.body68
Count:    1
Min:      3754078329
Median:   8003586
Mean:     1.87704e+09
Max:      3754078329
StdDev:  ±1.87704e+09
