kernel_gemver_StrictFP-for.body68
Count:    1
Min:      3776450646
Median:   8003586
Mean:     1.88823e+09
Max:      3776450646
StdDev:  ±1.88823e+09
