kernel_gemver_StrictFP-for.body68
Count:    1
Min:      3749329775
Median:   8003586
Mean:     1.87466e+09
Max:      3749329775
StdDev:  ±1.87466e+09
