kernel_gemver_StrictFP-for.body68
Count:    1
Min:      3749511394
Median:   8003586
Mean:     1.87476e+09
Max:      3749511394
StdDev:  ±1.87476e+09
