kernel_gemver_StrictFP-for.body68
Count:    1
Min:      3748979921
Median:   8003586
Mean:     1.87449e+09
Max:      3748979921
StdDev:  ±1.87449e+09
