kernel_gemver_StrictFP-for.body68
Count:    1
Min:      3760243705
Median:   8003586
Mean:     1.88012e+09
Max:      3760243705
StdDev:  ±1.88012e+09
