kernel_gemver_StrictFP-for.body68
Count:    1
Min:      3769160113
Median:   8003586
Mean:     1.88458e+09
Max:      3769160113
StdDev:  ±1.88458e+09
