kernel_gemver_StrictFP-for.body68
Count:    1
Min:      3767410339
Median:   8003586
Mean:     1.88371e+09
Max:      3767410339
StdDev:  ±1.88371e+09
