kernel_gemver_StrictFP-for.body68
Count:    1
Min:      3772172819
Median:   8003586
Mean:     1.88609e+09
Max:      3772172819
StdDev:  ±1.88609e+09
