kernel_gemver_StrictFP-for.body68
Count:    1
Min:      3762699704
Median:   8003586
Mean:     1.88135e+09
Max:      3762699704
StdDev:  ±1.88135e+09
