kernel_gemver_StrictFP-for.body68
Count:    1
Min:      3750939912
Median:   8003586
Mean:     1.87547e+09
Max:      3750939912
StdDev:  ±1.87547e+09
