s235-for.body11
Count:    1
Min:      5014674792
Median:   8003586
Mean:     2.50734e+09
Max:      5014674792
StdDev:  ±2.50734e+09
