s235-for.body11
Count:    1
Min:      5064129171
Median:   8003586
Mean:     2.53206e+09
Max:      5064129171
StdDev:  ±2.53206e+09
