s235-for.body11
Count:    1
Min:      5096252555
Median:   8003586
Mean:     2.54813e+09
Max:      5096252555
StdDev:  ±2.54813e+09
