s235-for.body11
Count:    1
Min:      4942340961
Median:   8003586
Mean:     2.47117e+09
Max:      4942340961
StdDev:  ±2.47117e+09
