s343-if.then.1
Count:    1
Min:      5163069464
Median:   8003586
Mean:     2.58153e+09
Max:      5163069464
StdDev:  ±2.58153e+09
