s343-if.then.1
Count:    1
Min:      5439265360
Median:   8003586
Mean:     2.71963e+09
Max:      5439265360
StdDev:  ±2.71963e+09
