s343-if.then.1
Count:    1
Min:      5051286549
Median:   8003586
Mean:     2.52564e+09
Max:      5051286549
StdDev:  ±2.52564e+09
