s343-if.then.1
Count:    1
Min:      5327713730
Median:   8003586
Mean:     2.66386e+09
Max:      5327713730
StdDev:  ±2.66386e+09
