kernel_symm_StrictFP-for.body6
Count:    1
Min:      256838477266
Median:   8003586
Mean:     1.28419e+11
Max:      256838477266
StdDev:  ±1.28419e+11
