kernel_symm_StrictFP-for.body6
Count:    1
Min:      262228806879
Median:   8003586
Mean:     1.31114e+11
Max:      262228806879
StdDev:  ±1.31114e+11
