kernel_symm_StrictFP-for.body6
Count:    1
Min:      265052995002
Median:   8003586
Mean:     1.32526e+11
Max:      265052995002
StdDev:  ±1.32526e+11
