kernel_symm_StrictFP-for.body6
Count:    1
Min:      263606482220
Median:   8003586
Mean:     1.31803e+11
Max:      263606482220
StdDev:  ±1.31803e+11
