kernel_symm_StrictFP-for.body6
Count:    1
Min:      258478867681
Median:   8003586
Mean:     1.29239e+11
Max:      258478867681
StdDev:  ±1.29239e+11
