kernel_symm_StrictFP-for.body6
Count:    1
Min:      257606566092
Median:   8003586
Mean:     1.28803e+11
Max:      257606566092
StdDev:  ±1.28803e+11
