kernel_mvt_StrictFP-for.body3
Count:    1
Min:      3494248193
Median:   8003586
Mean:     1.74712e+09
Max:      3494248193
StdDev:  ±1.74712e+09
