kernel_mvt_StrictFP-for.body3
Count:    1
Min:      3502905926
Median:   8003586
Mean:     1.75145e+09
Max:      3502905926
StdDev:  ±1.75145e+09
