kernel_mvt_StrictFP-for.body3
Count:    1
Min:      3512690442
Median:   8003586
Mean:     1.75635e+09
Max:      3512690442
StdDev:  ±1.75635e+09
