kernel_mvt_StrictFP-for.body3
Count:    1
Min:      3524486426
Median:   8003586
Mean:     1.76224e+09
Max:      3524486426
StdDev:  ±1.76224e+09
