kernel_mvt_StrictFP-for.body3
Count:    1
Min:      3506117443
Median:   8003586
Mean:     1.75306e+09
Max:      3506117443
StdDev:  ±1.75306e+09
