kernel_mvt_StrictFP-for.body3
Count:    1
Min:      3464049438
Median:   8003586
Mean:     1.73202e+09
Max:      3464049438
StdDev:  ±1.73202e+09
