kernel_mvt_StrictFP-for.body3
Count:    1
Min:      3468287181
Median:   8003586
Mean:     1.73414e+09
Max:      3468287181
StdDev:  ±1.73414e+09
