kernel_mvt_StrictFP-for.body3
Count:    1
Min:      3507476005
Median:   8003586
Mean:     1.75374e+09
Max:      3507476005
StdDev:  ±1.75374e+09
