kernel_mvt_StrictFP-for.body3
Count:    1
Min:      3510052420
Median:   8003586
Mean:     1.75503e+09
Max:      3510052420
StdDev:  ±1.75503e+09
