kernel_mvt_StrictFP-for.body3
Count:    1
Min:      3509033439
Median:   8003586
Mean:     1.75452e+09
Max:      3509033439
StdDev:  ±1.75452e+09
