kernel_mvt_StrictFP-for.body3
Count:    1
Min:      3497354361
Median:   8003586
Mean:     1.74868e+09
Max:      3497354361
StdDev:  ±1.74868e+09
