kernel_mvt_StrictFP-for.body3
Count:    1
Min:      3507462796
Median:   8003586
Mean:     1.75373e+09
Max:      3507462796
StdDev:  ±1.75373e+09
