kernel_mvt_StrictFP-for.body3
Count:    1
Min:      3470139922
Median:   8003586
Mean:     1.73507e+09
Max:      3470139922
StdDev:  ±1.73507e+09
