kernel_mvt_StrictFP-for.body3
Count:    1
Min:      3530815153
Median:   8003586
Mean:     1.76541e+09
Max:      3530815153
StdDev:  ±1.76541e+09
