kernel_mvt_StrictFP-for.body3
Count:    1
Min:      3533970726
Median:   8003586
Mean:     1.76699e+09
Max:      3533970726
StdDev:  ±1.76699e+09
