kernel_mvt_StrictFP-for.body3
Count:    1
Min:      3496956968
Median:   8003586
Mean:     1.74848e+09
Max:      3496956968
StdDev:  ±1.74848e+09
