main-for.body
Count:    1
Min:      14649934514
Median:   8003586
Mean:     7.32497e+09
Max:      14649934514
StdDev:  ±7.32497e+09
