main-for.body
Count:    1
Min:      14654976116
Median:   8003586
Mean:     7.32749e+09
Max:      14654976116
StdDev:  ±7.32749e+09
