main-for.body
Count:    1
Min:      14658092518
Median:   8003586
Mean:     7.32905e+09
Max:      14658092518
StdDev:  ±7.32905e+09
