main-for.body
Count:    1
Min:      14649351556
Median:   8003586
Mean:     7.32468e+09
Max:      14649351556
StdDev:  ±7.32468e+09
