main-for.body
Count:    1
Min:      14653948146
Median:   8003586
Mean:     7.32697e+09
Max:      14653948146
StdDev:  ±7.32697e+09
