main-for.body
Count:    1
Min:      14653765649
Median:   8003586
Mean:     7.32688e+09
Max:      14653765649
StdDev:  ±7.32688e+09
