main-for.body
Count:    1
Min:      14657233477
Median:   8003586
Mean:     7.32862e+09
Max:      14657233477
StdDev:  ±7.32862e+09
