main-for.body
Count:    1
Min:      14650978092
Median:   8003586
Mean:     7.32549e+09
Max:      14650978092
StdDev:  ±7.32549e+09
