main-for.body
Count:    1
Min:      14651948025
Median:   8003586
Mean:     7.32597e+09
Max:      14651948025
StdDev:  ±7.32597e+09
