main-for.body
Count:    1
Min:      14653078458
Median:   8003586
Mean:     7.32654e+09
Max:      14653078458
StdDev:  ±7.32654e+09
