main-for.body
Count:    1
Min:      14656040027
Median:   8003586
Mean:     7.32802e+09
Max:      14656040027
StdDev:  ±7.32802e+09
