fib-if.else
Count:    1
Min:      28868532123
Median:   8003586
Mean:     1.44343e+10
Max:      28868532123
StdDev:  ±1.44343e+10
