fib-if.else
Count:    1
Min:      28900635147
Median:   8003586
Mean:     1.44503e+10
Max:      28900635147
StdDev:  ±1.44503e+10
