fft_float_StrictFP-for.body39.us
Count:    1
Min:      19089161
Median:   8003586
Mean:     9.54458e+06
Max:      19089161
StdDev:  ±9.54458e+06
