fft_float_StrictFP-for.body39.us
Count:    1
Min:      19095362
Median:   8003586
Mean:     9.54768e+06
Max:      19095362
StdDev:  ±9.54768e+06
