s1251-vector.body
Count:    1
Min:      5648324472
Median:   8003586
Mean:     2.82416e+09
Max:      5648324472
StdDev:  ±2.82416e+09
