s1251-vector.body
Count:    1
Min:      5590102347
Median:   8003586
Mean:     2.79505e+09
Max:      5590102347
StdDev:  ±2.79505e+09
