s1251-vector.body
Count:    1
Min:      5792018787
Median:   8003586
Mean:     2.89601e+09
Max:      5792018787
StdDev:  ±2.89601e+09
