s1251-vector.body
Count:    1
Min:      6118867593
Median:   8003586
Mean:     3.05943e+09
Max:      6118867593
StdDev:  ±3.05943e+09
