s1251-vector.body
Count:    1
Min:      6069218184
Median:   8003586
Mean:     3.03461e+09
Max:      6069218184
StdDev:  ±3.03461e+09
