s211-for.body3
Count:    1
Min:      3717875000
Median:   8000017
Mean:     1.85894e+09
Max:      3717875000
StdDev:  ±1.85894e+09
