s211-for.body3
Count:    1
Min:      3718577000
Median:   8000017
Mean:     1.85929e+09
Max:      3718577000
StdDev:  ±1.85929e+09
