s211-for.body3
Count:    1
Min:      3554038000
Median:   8000017
Mean:     1.77702e+09
Max:      3554038000
StdDev:  ±1.77702e+09
