s211-for.body3
Count:    1
Min:      3554412000
Median:   8000017
Mean:     1.77721e+09
Max:      3554412000
StdDev:  ±1.77721e+09
