s211-for.body3
Count:    1
Min:      3337339000
Median:   8000017
Mean:     1.66867e+09
Max:      3337339000
StdDev:  ±1.66867e+09
