s211-for.body3
Count:    1
Min:      3337325000
Median:   8000017
Mean:     1.66866e+09
Max:      3337325000
StdDev:  ±1.66866e+09
