s211-for.body3
Count:    1
Min:      3513761000
Median:   8000017
Mean:     1.75688e+09
Max:      3513761000
StdDev:  ±1.75688e+09
