s211-for.body3
Count:    1
Min:      3284559000
Median:   8000017
Mean:     1.64228e+09
Max:      3284559000
StdDev:  ±1.64228e+09
