s211-for.body3
Count:    1
Min:      3283783000
Median:   8000017
Mean:     1.64189e+09
Max:      3283783000
StdDev:  ±1.64189e+09
