s211-for.body3
Count:    1
Min:      3348143000
Median:   8000017
Mean:     1.67407e+09
Max:      3348143000
StdDev:  ±1.67407e+09
