s211-for.body3
Count:    1
Min:      3347506000
Median:   8000017
Mean:     1.67375e+09
Max:      3347506000
StdDev:  ±1.67375e+09
