s211-for.body3
Count:    1
Min:      3529944000
Median:   8000017
Mean:     1.76497e+09
Max:      3529944000
StdDev:  ±1.76497e+09
