s211-for.body3
Count:    1
Min:      3530387000
Median:   8000017
Mean:     1.76519e+09
Max:      3530387000
StdDev:  ±1.76519e+09
