s211-for.body3
Count:    1
Min:      3471762000
Median:   8000017
Mean:     1.73588e+09
Max:      3471762000
StdDev:  ±1.73588e+09
