s211-for.body3
Count:    1
Min:      3405141000
Median:   8000017
Mean:     1.70257e+09
Max:      3405141000
StdDev:  ±1.70257e+09
