s211-for.body3
Count:    1
Min:      3397089000
Median:   8000017
Mean:     1.69854e+09
Max:      3397089000
StdDev:  ±1.69854e+09
