s211-for.body3
Count:    1
Min:      3340099000
Median:   8000017
Mean:     1.67005e+09
Max:      3340099000
StdDev:  ±1.67005e+09
