s211-for.body3
Count:    1
Min:      3339581000
Median:   8000017
Mean:     1.66979e+09
Max:      3339581000
StdDev:  ±1.66979e+09
