s211-for.body3
Count:    1
Min:      3517913000
Median:   8000017
Mean:     1.75896e+09
Max:      3517913000
StdDev:  ±1.75896e+09
