s115-for.body6
Count:    1
Min:      4383586750
Median:   8003586
Mean:     2.19179e+09
Max:      4383586750
StdDev:  ±2.19179e+09
