s115-for.body6
Count:    1
Min:      4687246522
Median:   8003586
Mean:     2.34362e+09
Max:      4687246522
StdDev:  ±2.34362e+09
