susan_smoothing-for.body89
Count:    1
Min:      143427324
Median:   8003586
Mean:     7.17137e+07
Max:      143427324
StdDev:  ±7.17137e+07
