susan_smoothing-for.body89
Count:    1
Min:      143388370
Median:   8003586
Mean:     7.16942e+07
Max:      143388370
StdDev:  ±7.16942e+07
