susan_smoothing-for.body89
Count:    1
Min:      143696442
Median:   8003586
Mean:     7.18482e+07
Max:      143696442
StdDev:  ±7.18482e+07
