Proc0-while.end
Count:    1
Min:      14948860075
Median:   8003586
Mean:     7.47443e+09
Max:      14948860075
StdDev:  ±7.47443e+09
