Proc0-while.end
Count:    1
Min:      15160040366
Median:   8003586
Mean:     7.58002e+09
Max:      15160040366
StdDev:  ±7.58002e+09
