Proc0-while.end
Count:    1
Min:      14949046901
Median:   8003586
Mean:     7.47452e+09
Max:      14949046901
StdDev:  ±7.47452e+09
