s352-for.body3
Count:    1
Min:      7032439371
Median:   8003586
Mean:     3.51622e+09
Max:      7032439371
StdDev:  ±3.51622e+09
