s352-for.body3
Count:    1
Min:      6886464830
Median:   8003586
Mean:     3.44323e+09
Max:      6886464830
StdDev:  ±3.44323e+09
