s352-for.body3
Count:    1
Min:      7478380019
Median:   8003586
Mean:     3.73919e+09
Max:      7478380019
StdDev:  ±3.73919e+09
