s352-for.body3
Count:    1
Min:      7045738184
Median:   8003586
Mean:     3.52287e+09
Max:      7045738184
StdDev:  ±3.52287e+09
