s352-for.body3
Count:    1
Min:      7049981991
Median:   8003586
Mean:     3.52499e+09
Max:      7049981991
StdDev:  ±3.52499e+09
