s352-for.body3
Count:    1
Min:      7778655552
Median:   8003586
Mean:     3.88933e+09
Max:      7778655552
StdDev:  ±3.88933e+09
