s422-for.body4
Count:    1
Min:      6451939254
Median:   8003586
Mean:     3.22597e+09
Max:      6451939254
StdDev:  ±3.22597e+09
