s422-for.body4
Count:    1
Min:      5893954157
Median:   8003586
Mean:     2.94698e+09
Max:      5893954157
StdDev:  ±2.94698e+09
