s422-for.body4
Count:    1
Min:      5896927697
Median:   8003586
Mean:     2.94846e+09
Max:      5896927697
StdDev:  ±2.94846e+09
