s422-for.body4
Count:    1
Min:      5894439505
Median:   8003586
Mean:     2.94722e+09
Max:      5894439505
StdDev:  ±2.94722e+09
