s422-for.body4
Count:    1
Min:      6456618908
Median:   8003586
Mean:     3.22831e+09
Max:      6456618908
StdDev:  ±3.22831e+09
