s422-for.body4
Count:    1
Min:      7058276513
Median:   8003586
Mean:     3.52914e+09
Max:      7058276513
StdDev:  ±3.52914e+09
