s422-for.body4
Count:    1
Min:      7065819469
Median:   8003586
Mean:     3.53291e+09
Max:      7065819469
StdDev:  ±3.53291e+09
