s422-for.body4
Count:    1
Min:      6459859893
Median:   8003586
Mean:     3.22993e+09
Max:      6459859893
StdDev:  ±3.22993e+09
