s422-for.body4
Count:    1
Min:      6463934153
Median:   8003586
Mean:     3.23197e+09
Max:      6463934153
StdDev:  ±3.23197e+09
