s422-for.body4
Count:    1
Min:      7046865626
Median:   8003586
Mean:     3.52343e+09
Max:      7046865626
StdDev:  ±3.52343e+09
