s422-for.body4
Count:    1
Min:      7050774855
Median:   8003586
Mean:     3.52539e+09
Max:      7050774855
StdDev:  ±3.52539e+09
