s422-for.body4
Count:    1
Min:      6466156710
Median:   8003586
Mean:     3.23308e+09
Max:      6466156710
StdDev:  ±3.23308e+09
