s422-for.body4
Count:    1
Min:      6466260243
Median:   8003586
Mean:     3.23313e+09
Max:      6466260243
StdDev:  ±3.23313e+09
