s422-for.body4
Count:    1
Min:      6460789161
Median:   8003586
Mean:     3.23039e+09
Max:      6460789161
StdDev:  ±3.23039e+09
