s422-for.body4
Count:    1
Min:      7046424792
Median:   8003586
Mean:     3.52321e+09
Max:      7046424792
StdDev:  ±3.52321e+09
