s422-for.body4
Count:    1
Min:      6468934983
Median:   8003586
Mean:     3.23447e+09
Max:      6468934983
StdDev:  ±3.23447e+09
