FindAnagram-while.body
Count:    560
Min:      37000
Median:   4181000
Mean:     3.23826e+06
Max:      4241000
StdDev:  ±1.05782e+06
