FindAnagram-while.body
Count:    560
Min:      36000
Median:   3990000
Mean:     3.09869e+06
Max:      4057000
StdDev:  ±1.00068e+06
