FindAnagram-while.body
Count:    560
Min:      36000
Median:   4116000
Mean:     3.19186e+06
Max:      4175000
StdDev:  ±1.03691e+06
