FindAnagram-while.body
Count:    560
Min:      36000
Median:   4115000
Mean:     3.19181e+06
Max:      4175000
StdDev:  ±1.03695e+06
