FindAnagram-while.body
Count:    560
Min:      36000
Median:   4026000
Mean:     3.12662e+06
Max:      4096000
StdDev:  ±1.01123e+06
