kernel_syr2k_StrictFP-for.body17
Count:    1
Min:      32145240648
Median:   8003586
Mean:     1.60726e+10
Max:      32145240648
StdDev:  ±1.60726e+10
