kernel_syr2k_StrictFP-for.body17
Count:    1
Min:      32204569878
Median:   8003586
Mean:     1.61023e+10
Max:      32204569878
StdDev:  ±1.61023e+10
