kernel_syr2k_StrictFP-for.body17
Count:    1
Min:      32118275547
Median:   8003586
Mean:     1.60591e+10
Max:      32118275547
StdDev:  ±1.60591e+10
