kernel_syr2k_StrictFP-for.body17
Count:    1
Min:      32191857399
Median:   8003586
Mean:     1.60959e+10
Max:      32191857399
StdDev:  ±1.60959e+10
