kernel_syr2k_StrictFP-for.body17
Count:    1
Min:      32293522044
Median:   8003586
Mean:     1.61468e+10
Max:      32293522044
StdDev:  ±1.61468e+10
