kernel_syr2k_StrictFP-for.body17
Count:    1
Min:      32082876757
Median:   8003586
Mean:     1.60414e+10
Max:      32082876757
StdDev:  ±1.60414e+10
