kernel_syr2k_StrictFP-for.body17
Count:    1
Min:      32163244484
Median:   8003586
Mean:     1.60816e+10
Max:      32163244484
StdDev:  ±1.60816e+10
