FindAnagram-while.body
Count:    560
Min:      38802
Median:   6395792
Mean:     4.73553e+06
Max:      6564488
StdDev:  ±1.83564e+06
