FindAnagram-while.body
Count:    560
Min:      37552
Median:   5939179
Mean:     4.41893e+06
Max:      6076471
StdDev:  ±1.68411e+06
