FindAnagram-while.body
Count:    560
Min:      37240
Median:   5935326
Mean:     4.41387e+06
Max:      6165011
StdDev:  ±1.67949e+06
