FindAnagram-while.body
Count:    560
Min:      39531
Median:   6800893
Mean:     5.01075e+06
Max:      6925892
StdDev:  ±1.97135e+06
