FindAnagram-while.body
Count:    560
Min:      37239
Median:   5938763
Mean:     4.42007e+06
Max:      6102408
StdDev:  ±1.68546e+06
