FindAnagram-while.body
Count:    560
Min:      35312
Median:   5440642
Mean:     4.06474e+06
Max:      5572151
StdDev:  ±1.51667e+06
