s127-for.body3
Count:    1
Min:      5524947438
Median:   8003586
Mean:     2.76247e+09
Max:      5524947438
StdDev:  ±2.76247e+09
