s127-for.body3
Count:    1
Min:      5761868870
Median:   8003586
Mean:     2.88093e+09
Max:      5761868870
StdDev:  ±2.88093e+09
