s127-for.body3
Count:    1
Min:      5619709551
Median:   8003586
Mean:     2.80985e+09
Max:      5619709551
StdDev:  ±2.80985e+09
