s127-for.body3
Count:    1
Min:      5586106657
Median:   8003586
Mean:     2.79305e+09
Max:      5586106657
StdDev:  ±2.79305e+09
