s127-for.body3
Count:    1
Min:      5316736876
Median:   8003586
Mean:     2.65837e+09
Max:      5316736876
StdDev:  ±2.65837e+09
