main-for.body
Count:    1
Min:      8035905000
Median:   8000017
Mean:     4.01795e+09
Max:      8035905000
StdDev:  ±4.01795e+09
