main-for.body
Count:    1
Min:      8035930000
Median:   8000017
Mean:     4.01796e+09
Max:      8035930000
StdDev:  ±4.01796e+09
