main-for.body
Count:    1
Min:      8035950000
Median:   8000017
Mean:     4.01798e+09
Max:      8035950000
StdDev:  ±4.01798e+09
