main-for.body
Count:    1
Min:      8035935000
Median:   8000017
Mean:     4.01797e+09
Max:      8035935000
StdDev:  ±4.01797e+09
