kernel_doitgen_StrictFP-for.body13
Count:    1
Min:      2262377000
Median:   8000017
Mean:     1.13119e+09
Max:      2262377000
StdDev:  ±1.13119e+09
