kernel_doitgen_StrictFP-for.body13
Count:    1
Min:      2262015000
Median:   8000017
Mean:     1.13101e+09
Max:      2262015000
StdDev:  ±1.13101e+09
