kernel_doitgen_StrictFP-for.body13
Count:    1
Min:      2216253000
Median:   8000017
Mean:     1.10813e+09
Max:      2216253000
StdDev:  ±1.10813e+09
