kernel_doitgen_StrictFP-for.body13
Count:    1
Min:      2206329000
Median:   8000017
Mean:     1.10316e+09
Max:      2206329000
StdDev:  ±1.10316e+09
