kernel_doitgen_StrictFP-for.body13
Count:    1
Min:      2206848000
Median:   8000017
Mean:     1.10342e+09
Max:      2206848000
StdDev:  ±1.10342e+09
