kernel_doitgen_StrictFP-for.body13
Count:    1
Min:      2299573000
Median:   8000017
Mean:     1.14979e+09
Max:      2299573000
StdDev:  ±1.14979e+09
