kernel_doitgen_StrictFP-for.body13
Count:    1
Min:      2299751000
Median:   8000017
Mean:     1.14988e+09
Max:      2299751000
StdDev:  ±1.14988e+09
