kernel_doitgen_StrictFP-for.body13
Count:    1
Min:      2298588000
Median:   8000017
Mean:     1.14929e+09
Max:      2298588000
StdDev:  ±1.14929e+09
