kernel_doitgen_StrictFP-for.body13
Count:    1
Min:      2298899000
Median:   8000017
Mean:     1.14945e+09
Max:      2298899000
StdDev:  ±1.14945e+09
