kernel_doitgen_StrictFP-for.body13
Count:    1
Min:      2140715000
Median:   8000017
Mean:     1.07036e+09
Max:      2140715000
StdDev:  ±1.07036e+09
