kernel_doitgen_StrictFP-for.body13
Count:    1
Min:      2140823000
Median:   8000017
Mean:     1.07041e+09
Max:      2140823000
StdDev:  ±1.07041e+09
