kernel_doitgen_StrictFP-for.body13
Count:    1
Min:      2216229000
Median:   8000017
Mean:     1.10811e+09
Max:      2216229000
StdDev:  ±1.10811e+09
