kernel_doitgen_StrictFP-for.body13
Count:    1
Min:      2216237000
Median:   8000017
Mean:     1.10812e+09
Max:      2216237000
StdDev:  ±1.10812e+09
