kernel_doitgen_StrictFP-for.body13
Count:    1
Min:      2258126000
Median:   8000017
Mean:     1.12906e+09
Max:      2258126000
StdDev:  ±1.12906e+09
