kernel_doitgen_StrictFP-for.body13
Count:    1
Min:      2258431000
Median:   8000017
Mean:     1.12922e+09
Max:      2258431000
StdDev:  ±1.12922e+09
