kernel_doitgen_StrictFP-for.body13
Count:    1
Min:      2265053000
Median:   8000017
Mean:     1.13253e+09
Max:      2265053000
StdDev:  ±1.13253e+09
