kernel_doitgen_StrictFP-for.body13
Count:    1
Min:      2263964000
Median:   8000017
Mean:     1.13198e+09
Max:      2263964000
StdDev:  ±1.13198e+09
