kernel_doitgen_StrictFP-for.body13
Count:    1
Min:      2197015000
Median:   8000017
Mean:     1.09851e+09
Max:      2197015000
StdDev:  ±1.09851e+09
