kernel_doitgen_StrictFP-for.body13
Count:    1
Min:      2197061000
Median:   8000017
Mean:     1.09853e+09
Max:      2197061000
StdDev:  ±1.09853e+09
