make_neighbors-if.end14.us.us
Count:    2
Min:      5668393205
Median:   5668393205
Mean:     5.67848e+09
Max:      5688559078
StdDev:  ±1.00829e+07
