make_neighbors-if.end14.us.us
Count:    2
Min:      5667091573
Median:   5667091573
Mean:     5.67882e+09
Max:      5690547109
StdDev:  ±1.17278e+07
