make_neighbors-if.end14.us.us
Count:    2
Min:      5670160628
Median:   5670160628
Mean:     5.67924e+09
Max:      5688327508
StdDev:  ±9.08344e+06
