make_neighbors-if.end14.us.us
Count:    2
Min:      5669036416
Median:   5669036416
Mean:     5.67732e+09
Max:      5685604598
StdDev:  ±8.28409e+06
