make_neighbors-if.end14.us.us
Count:    2
Min:      5669688093
Median:   5669688093
Mean:     5.68084e+09
Max:      5691989943
StdDev:  ±1.11509e+07
