make_neighbors-if.end14.us.us
Count:    2
Min:      5666393729
Median:   5666393729
Mean:     5.67796e+09
Max:      5689526237
StdDev:  ±1.15663e+07
