make_neighbors-if.end14.us.us
Count:    2
Min:      5668976177
Median:   5668976177
Mean:     5.67952e+09
Max:      5690062475
StdDev:  ±1.05431e+07
