fft_float_StrictFP-for.body39.us
Count:    1
Min:      19607234
Median:   8003586
Mean:     9.80362e+06
Max:      19607234
StdDev:  ±9.80362e+06
