fft_float_StrictFP-for.body39.us
Count:    1
Min:      19381143
Median:   8003586
Mean:     9.69057e+06
Max:      19381143
StdDev:  ±9.69057e+06
