fft_float_StrictFP-for.body39.us
Count:    1
Min:      20300664
Median:   8003586
Mean:     1.01503e+07
Max:      20300664
StdDev:  ±1.01503e+07
