fft_float_StrictFP-for.body39.us
Count:    1
Min:      20303321
Median:   8003586
Mean:     1.01517e+07
Max:      20303321
StdDev:  ±1.01517e+07
