fft_float_StrictFP-for.body39.us
Count:    1
Min:      21187320
Median:   8003586
Mean:     1.05937e+07
Max:      21187320
StdDev:  ±1.05937e+07
