fft_float_StrictFP-for.body39.us
Count:    1
Min:      19603901
Median:   8003586
Mean:     9.80195e+06
Max:      19603901
StdDev:  ±9.80195e+06
