fft_float_StrictFP-for.body39.us
Count:    1
Min:      21038312
Median:   8003586
Mean:     1.05192e+07
Max:      21038312
StdDev:  ±1.05192e+07
