fft_float_StrictFP-for.body39.us
Count:    1
Min:      21047271
Median:   8003586
Mean:     1.05236e+07
Max:      21047271
StdDev:  ±1.05236e+07
