fft_float_StrictFP-for.body39.us
Count:    1
Min:      20081500
Median:   8003586
Mean:     1.00408e+07
Max:      20081500
StdDev:  ±1.00408e+07
