fft_float_StrictFP-for.body39.us
Count:    1
Min:      20068219
Median:   8003586
Mean:     1.00341e+07
Max:      20068219
StdDev:  ±1.00341e+07
