fft_float_StrictFP-for.body39.us
Count:    1
Min:      19583588
Median:   8003586
Mean:     9.79179e+06
Max:      19583588
StdDev:  ±9.79179e+06
