fft_float_StrictFP-for.body39.us
Count:    1
Min:      20072802
Median:   8003586
Mean:     1.00364e+07
Max:      20072802
StdDev:  ±1.00364e+07
