s322-for.body3
Count:    1
Min:      4062279450
Median:   8003586
Mean:     2.03114e+09
Max:      4062279450
StdDev:  ±2.03114e+09
