kernel_bicg_StrictFP-for.body8
Count:    1
Min:      399141735
Median:   8003586
Mean:     1.99571e+08
Max:      399141735
StdDev:  ±1.99571e+08
