kernel_bicg_StrictFP-for.body8
Count:    1
Min:      423405542
Median:   8003586
Mean:     2.11703e+08
Max:      423405542
StdDev:  ±2.11703e+08
