kernel_bicg_StrictFP-for.body8
Count:    1
Min:      386554619
Median:   8003586
Mean:     1.93277e+08
Max:      386554619
StdDev:  ±1.93277e+08
