kernel_bicg_StrictFP-for.body8
Count:    1
Min:      422461015
Median:   8003586
Mean:     2.11231e+08
Max:      422461015
StdDev:  ±2.11231e+08
