kernel_bicg_StrictFP-for.body8
Count:    1
Min:      422421796
Median:   8003586
Mean:     2.11211e+08
Max:      422421796
StdDev:  ±2.11211e+08
