kernel_bicg_StrictFP-for.body8
Count:    1
Min:      422029564
Median:   8003586
Mean:     2.11015e+08
Max:      422029564
StdDev:  ±2.11015e+08
