kernel_bicg_StrictFP-for.body8
Count:    1
Min:      410435717
Median:   8003586
Mean:     2.05218e+08
Max:      410435717
StdDev:  ±2.05218e+08
