kernel_bicg_StrictFP-for.body8
Count:    1
Min:      410425039
Median:   8003586
Mean:     2.05213e+08
Max:      410425039
StdDev:  ±2.05213e+08
