kernel_bicg_StrictFP-for.body8
Count:    1
Min:      386989511
Median:   8003586
Mean:     1.93495e+08
Max:      386989511
StdDev:  ±1.93495e+08
