kernel_bicg_StrictFP-for.body8
Count:    1
Min:      433770943
Median:   8003586
Mean:     2.16885e+08
Max:      433770943
StdDev:  ±2.16885e+08
