s173-vector.body
Count:    1
Min:      7165377711
Median:   8003586
Mean:     3.58269e+09
Max:      7165377711
StdDev:  ±3.58269e+09
