s173-vector.body
Count:    1
Min:      7190346234
Median:   8003586
Mean:     3.59517e+09
Max:      7190346234
StdDev:  ±3.59517e+09
