s173-vector.body
Count:    1
Min:      7209985006
Median:   8003586
Mean:     3.60499e+09
Max:      7209985006
StdDev:  ±3.60499e+09
