s173-vector.body
Count:    1
Min:      7218578402
Median:   8003586
Mean:     3.60929e+09
Max:      7218578402
StdDev:  ±3.60929e+09
