s173-vector.body
Count:    1
Min:      7105044748
Median:   8003586
Mean:     3.55252e+09
Max:      7105044748
StdDev:  ±3.55252e+09
