s173-vector.body
Count:    1
Min:      7066384292
Median:   8003586
Mean:     3.53319e+09
Max:      7066384292
StdDev:  ±3.53319e+09
