kernel_adi-for.body6
Count:    2
Min:      9325880608
Median:   9325880608
Mean:     9.32808e+09
Max:      9330279902
StdDev:  ±2.19965e+06
