s173-vector.body
Count:    1
Min:      7092377492
Median:   8003586
Mean:     3.54619e+09
Max:      7092377492
StdDev:  ±3.54619e+09
