s173-vector.body
Count:    1
Min:      7217042343
Median:   8003586
Mean:     3.60852e+09
Max:      7217042343
StdDev:  ±3.60852e+09
