s173-vector.body
Count:    1
Min:      7087635046
Median:   8003586
Mean:     3.54382e+09
Max:      7087635046
StdDev:  ±3.54382e+09
