s173-vector.body
Count:    1
Min:      7210739524
Median:   8003586
Mean:     3.60537e+09
Max:      7210739524
StdDev:  ±3.60537e+09
