s173-vector.body
Count:    1
Min:      7229306154
Median:   8003586
Mean:     3.61465e+09
Max:      7229306154
StdDev:  ±3.61465e+09
