s173-vector.body
Count:    1
Min:      7117889049
Median:   8003586
Mean:     3.55894e+09
Max:      7117889049
StdDev:  ±3.55894e+09
