s343-if.then.1
Count:    1
Min:      5073786360
Median:   8003586
Mean:     2.53689e+09
Max:      5073786360
StdDev:  ±2.53689e+09
