s343-if.then.1
Count:    1
Min:      5169516681
Median:   8003586
Mean:     2.58476e+09
Max:      5169516681
StdDev:  ±2.58476e+09
