s343-if.then.1
Count:    1
Min:      5319642119
Median:   8003586
Mean:     2.65982e+09
Max:      5319642119
StdDev:  ±2.65982e+09
