s343-if.then.1
Count:    1
Min:      5105723257
Median:   8003586
Mean:     2.55286e+09
Max:      5105723257
StdDev:  ±2.55286e+09
