s343-if.then.1
Count:    1
Min:      5455183813
Median:   8003586
Mean:     2.72759e+09
Max:      5455183813
StdDev:  ±2.72759e+09
