s343-if.then.1
Count:    1
Min:      5098545708
Median:   8003586
Mean:     2.54927e+09
Max:      5098545708
StdDev:  ±2.54927e+09
