s343-if.then.1
Count:    1
Min:      5231625439
Median:   8003586
Mean:     2.61581e+09
Max:      5231625439
StdDev:  ±2.61581e+09
