s343-if.then.1
Count:    1
Min:      5190966837
Median:   8003586
Mean:     2.59548e+09
Max:      5190966837
StdDev:  ±2.59548e+09
