s343-if.then.1
Count:    1
Min:      5341437501
Median:   8003586
Mean:     2.67072e+09
Max:      5341437501
StdDev:  ±2.67072e+09
