kernel_syr2k_StrictFP-for.body17
Count:    1
Min:      32081114174
Median:   8003586
Mean:     1.60406e+10
Max:      32081114174
StdDev:  ±1.60406e+10
