kernel_syr2k_StrictFP-for.body17
Count:    1
Min:      32004625616
Median:   8003586
Mean:     1.60023e+10
Max:      32004625616
StdDev:  ±1.60023e+10
