kernel_syr2k_StrictFP-for.body17
Count:    1
Min:      32166546852
Median:   8003586
Mean:     1.60833e+10
Max:      32166546852
StdDev:  ±1.60833e+10
