kernel_syr2k_StrictFP-for.body17
Count:    1
Min:      32113264674
Median:   8003586
Mean:     1.60566e+10
Max:      32113264674
StdDev:  ±1.60566e+10
