fft_float_StrictFP-for.body39.us
Count:    1
Min:      19103574
Median:   8003586
Mean:     9.55179e+06
Max:      19103574
StdDev:  ±9.55179e+06
