fft_float_StrictFP-for.body39.us
Count:    1
Min:      19068170
Median:   8003586
Mean:     9.53408e+06
Max:      19068170
StdDev:  ±9.53408e+06
