fft_float_StrictFP-for.body39.us
Count:    1
Min:      19054770
Median:   8003586
Mean:     9.52738e+06
Max:      19054770
StdDev:  ±9.52738e+06
