fft_float_StrictFP-for.body39.us
Count:    1
Min:      19115150
Median:   8003586
Mean:     9.55758e+06
Max:      19115150
StdDev:  ±9.55758e+06
