fft_float_StrictFP-for.body39.us
Count:    1
Min:      19039367
Median:   8003586
Mean:     9.51968e+06
Max:      19039367
StdDev:  ±9.51968e+06
