fft_float_StrictFP-for.body39.us
Count:    1
Min:      19093896
Median:   8003586
Mean:     9.54695e+06
Max:      19093896
StdDev:  ±9.54695e+06
