fft_float_StrictFP-for.body39.us
Count:    1
Min:      19081225
Median:   8003586
Mean:     9.54061e+06
Max:      19081225
StdDev:  ±9.54061e+06
