fft_float_StrictFP-for.body39.us
Count:    1
Min:      18696348
Median:   8003586
Mean:     9.34817e+06
Max:      18696348
StdDev:  ±9.34817e+06
