s312-for.body3
Count:    1
Min:      1565855705
Median:   8003586
Mean:     7.82928e+08
Max:      1565855705
StdDev:  ±7.82928e+08
