s312-for.body3
Count:    1
Min:      1566034182
Median:   8003586
Mean:     7.83017e+08
Max:      1566034182
StdDev:  ±7.83017e+08
