s312-for.body3
Count:    1
Min:      1566915652
Median:   8003586
Mean:     7.83458e+08
Max:      1566915652
StdDev:  ±7.83458e+08
