s312-for.body3
Count:    1
Min:      1566149616
Median:   8003586
Mean:     7.83075e+08
Max:      1566149616
StdDev:  ±7.83075e+08
