s312-for.body3
Count:    1
Min:      1565521516
Median:   8003586
Mean:     7.82761e+08
Max:      1565521516
StdDev:  ±7.82761e+08
