s312-for.body3
Count:    1
Min:      1566142176
Median:   8003586
Mean:     7.83071e+08
Max:      1566142176
StdDev:  ±7.83071e+08
