s173-vector.body
Count:    1
Min:      3331882000
Median:   8000017
Mean:     1.66594e+09
Max:      3331882000
StdDev:  ±1.66594e+09
