s173-vector.body
Count:    1
Min:      3283186000
Median:   8000017
Mean:     1.64159e+09
Max:      3283186000
StdDev:  ±1.64159e+09
