s173-vector.body
Count:    1
Min:      3299743000
Median:   8000017
Mean:     1.64987e+09
Max:      3299743000
StdDev:  ±1.64987e+09
