s173-vector.body
Count:    1
Min:      3380578000
Median:   8000017
Mean:     1.69029e+09
Max:      3380578000
StdDev:  ±1.69029e+09
