s173-vector.body
Count:    1
Min:      3493874000
Median:   8000017
Mean:     1.74694e+09
Max:      3493874000
StdDev:  ±1.74694e+09
