s173-vector.body
Count:    1
Min:      3331555000
Median:   8000017
Mean:     1.66578e+09
Max:      3331555000
StdDev:  ±1.66578e+09
