s173-vector.body
Count:    1
Min:      3266630000
Median:   8000017
Mean:     1.63332e+09
Max:      3266630000
StdDev:  ±1.63332e+09
