s173-vector.body
Count:    1
Min:      3266628000
Median:   8000017
Mean:     1.63331e+09
Max:      3266628000
StdDev:  ±1.63331e+09
