s173-vector.body
Count:    1
Min:      3315326000
Median:   8000017
Mean:     1.65766e+09
Max:      3315326000
StdDev:  ±1.65766e+09
