s173-vector.body
Count:    1
Min:      3348113000
Median:   8000017
Mean:     1.67406e+09
Max:      3348113000
StdDev:  ±1.67406e+09
