s173-vector.body
Count:    1
Min:      3364563000
Median:   8000017
Mean:     1.68228e+09
Max:      3364563000
StdDev:  ±1.68228e+09
