kernel_doitgen_StrictFP-for.body13
Count:    1
Min:      4609472917
Median:   8003586
Mean:     2.30474e+09
Max:      4609472917
StdDev:  ±2.30474e+09
