kernel_doitgen_StrictFP-for.body13
Count:    1
Min:      4609122591
Median:   8003586
Mean:     2.30456e+09
Max:      4609122591
StdDev:  ±2.30456e+09
