kernel_doitgen_StrictFP-for.body13
Count:    1
Min:      4609579604
Median:   8003586
Mean:     2.30479e+09
Max:      4609579604
StdDev:  ±2.30479e+09
