kernel_doitgen_StrictFP-for.body13
Count:    1
Min:      4611430409
Median:   8003586
Mean:     2.30572e+09
Max:      4611430409
StdDev:  ±2.30572e+09
