kernel_doitgen_StrictFP-for.body13
Count:    1
Min:      4609276066
Median:   8003586
Mean:     2.30464e+09
Max:      4609276066
StdDev:  ±2.30464e+09
