kernel_doitgen_StrictFP-for.body13
Count:    1
Min:      4589348927
Median:   8003586
Mean:     2.29467e+09
Max:      4589348927
StdDev:  ±2.29467e+09
