main-for.body
Count:    1
Min:      27507226217
Median:   8003586
Mean:     1.37536e+10
Max:      27507226217
StdDev:  ±1.37536e+10
