main-for.body
Count:    1
Min:      27515187601
Median:   8003586
Mean:     1.37576e+10
Max:      27515187601
StdDev:  ±1.37576e+10
