main-for.body
Count:    1
Min:      27139868844
Median:   8003586
Mean:     1.35699e+10
Max:      27139868844
StdDev:  ±1.35699e+10
