main-for.body
Count:    1
Min:      27142862810
Median:   8003586
Mean:     1.35714e+10
Max:      27142862810
StdDev:  ±1.35714e+10
