main-for.body
Count:    1
Min:      27370345923
Median:   8003586
Mean:     1.36852e+10
Max:      27370345923
StdDev:  ±1.36852e+10
