main-for.body
Count:    1
Min:      27369817022
Median:   8003586
Mean:     1.36849e+10
Max:      27369817022
StdDev:  ±1.36849e+10
