main-for.body
Count:    1
Min:      27005060871
Median:   8003586
Mean:     1.35025e+10
Max:      27005060871
StdDev:  ±1.35025e+10
