main-for.body
Count:    1
Min:      27137861912
Median:   8003586
Mean:     1.35689e+10
Max:      27137861912
StdDev:  ±1.35689e+10
