main-for.body
Count:    1
Min:      27143852091
Median:   8003586
Mean:     1.35719e+10
Max:      27143852091
StdDev:  ±1.35719e+10
