main-for.body
Count:    1
Min:      27139622466
Median:   8003586
Mean:     1.35698e+10
Max:      27139622466
StdDev:  ±1.35698e+10
