main-for.body
Count:    1
Min:      27145154065
Median:   8003586
Mean:     1.35726e+10
Max:      27145154065
StdDev:  ±1.35726e+10
