main-for.body
Count:    1
Min:      26959754441
Median:   8003586
Mean:     1.34799e+10
Max:      26959754441
StdDev:  ±1.34799e+10
