main-for.body
Count:    1
Min:      26960344145
Median:   8003586
Mean:     1.34802e+10
Max:      26960344145
StdDev:  ±1.34802e+10
