main-for.body
Count:    1
Min:      27142476601
Median:   8003586
Mean:     1.35712e+10
Max:      27142476601
StdDev:  ±1.35712e+10
