main-for.body
Count:    1
Min:      27142819922
Median:   8003586
Mean:     1.35714e+10
Max:      27142819922
StdDev:  ±1.35714e+10
