main-for.body
Count:    1
Min:      27326938281
Median:   8003586
Mean:     1.36635e+10
Max:      27326938281
StdDev:  ±1.36635e+10
