main-for.body
Count:    1
Min:      27325789350
Median:   8003586
Mean:     1.36629e+10
Max:      27325789350
StdDev:  ±1.36629e+10
