main-for.body
Count:    1
Min:      27507493560
Median:   8003586
Mean:     1.37537e+10
Max:      27507493560
StdDev:  ±1.37537e+10
