main-for.body
Count:    1
Min:      27510733441
Median:   8003586
Mean:     1.37554e+10
Max:      27510733441
StdDev:  ±1.37554e+10
