main-for.body
Count:    1
Min:      26961440601
Median:   8003586
Mean:     1.34807e+10
Max:      26961440601
StdDev:  ±1.34807e+10
