main-for.body
Count:    1
Min:      26956566940
Median:   8003586
Mean:     1.34783e+10
Max:      26956566940
StdDev:  ±1.34783e+10
