main-for.body
Count:    1
Min:      362804809
Median:   8003586
Mean:     1.81402e+08
Max:      362804809
StdDev:  ±1.81402e+08
