main-for.body
Count:    1
Min:      360974299
Median:   8003586
Mean:     1.80487e+08
Max:      360974299
StdDev:  ±1.80487e+08
