main-for.body
Count:    1
Min:      363004960
Median:   8003586
Mean:     1.81502e+08
Max:      363004960
StdDev:  ±1.81502e+08
