main-for.body
Count:    1
Min:      361774134
Median:   8003586
Mean:     1.80887e+08
Max:      361774134
StdDev:  ±1.80887e+08
