main-for.body
Count:    1
Min:      361063408
Median:   8003586
Mean:     1.80532e+08
Max:      361063408
StdDev:  ±1.80532e+08
