main-for.body
Count:    1
Min:      361088303
Median:   8003586
Mean:     1.80544e+08
Max:      361088303
StdDev:  ±1.80544e+08
