main-for.body
Count:    1
Min:      362273343
Median:   8003586
Mean:     1.81137e+08
Max:      362273343
StdDev:  ±1.81137e+08
