main-for.body
Count:    1
Min:      362257572
Median:   8003586
Mean:     1.81129e+08
Max:      362257572
StdDev:  ±1.81129e+08
