main-for.body
Count:    1
Min:      361369765
Median:   8003586
Mean:     1.80685e+08
Max:      361369765
StdDev:  ±1.80685e+08
