main-for.body
Count:    1
Min:      359897998
Median:   8003586
Mean:     1.79949e+08
Max:      359897998
StdDev:  ±1.79949e+08
