main-for.body
Count:    1
Min:      359931800
Median:   8003586
Mean:     1.79966e+08
Max:      359931800
StdDev:  ±1.79966e+08
