main-for.body
Count:    1
Min:      361457679
Median:   8003586
Mean:     1.80729e+08
Max:      361457679
StdDev:  ±1.80729e+08
