main-for.body
Count:    1
Min:      360809298
Median:   8003586
Mean:     1.80405e+08
Max:      360809298
StdDev:  ±1.80405e+08
