main-for.body
Count:    1
Min:      360633356
Median:   8003586
Mean:     1.80317e+08
Max:      360633356
StdDev:  ±1.80317e+08
