main-for.body
Count:    1
Min:      362078972
Median:   8003586
Mean:     1.81039e+08
Max:      362078972
StdDev:  ±1.81039e+08
