main-for.body
Count:    1
Min:      361177312
Median:   8003586
Mean:     1.80589e+08
Max:      361177312
StdDev:  ±1.80589e+08
