main-for.body
Count:    1
Min:      361138880
Median:   8003586
Mean:     1.80569e+08
Max:      361138880
StdDev:  ±1.80569e+08
