main-for.body
Count:    1
Min:      360663623
Median:   8003586
Mean:     1.80332e+08
Max:      360663623
StdDev:  ±1.80332e+08
