main-for.body
Count:    1
Min:      361743712
Median:   8003586
Mean:     1.80872e+08
Max:      361743712
StdDev:  ±1.80872e+08
