s4114-for.body3.us
Count:    1
Min:      12088218901
Median:   8003586
Mean:     6.04411e+09
Max:      12088218901
StdDev:  ±6.04411e+09
