s4114-for.body3.us
Count:    1
Min:      11953887100
Median:   8003586
Mean:     5.97694e+09
Max:      11953887100
StdDev:  ±5.97694e+09
