s4114-for.body3.us
Count:    1
Min:      11863380986
Median:   8003586
Mean:     5.93169e+09
Max:      11863380986
StdDev:  ±5.93169e+09
