make_neighbors-if.end14.us.us
Count:    2
Min:      5665566230
Median:   5665566230
Mean:     5.67853e+09
Max:      5691501516
StdDev:  ±1.29676e+07
