make_neighbors-if.end14.us.us
Count:    2
Min:      5671076120
Median:   5671076120
Mean:     5.68278e+09
Max:      5694479143
StdDev:  ±1.17015e+07
