make_neighbors-if.end14.us.us
Count:    2
Min:      5665792108
Median:   5665792108
Mean:     5.67852e+09
Max:      5691248889
StdDev:  ±1.27284e+07
