make_neighbors-if.end14.us.us
Count:    2
Min:      5667871301
Median:   5667871301
Mean:     5.67757e+09
Max:      5687263266
StdDev:  ±9.69598e+06
