make_neighbors-if.end14.us.us
Count:    2
Min:      5673629683
Median:   5673629683
Mean:     5.68043e+09
Max:      5687223655
StdDev:  ±6.79699e+06
