make_neighbors-if.end14.us.us
Count:    2
Min:      5664662219
Median:   5664662219
Mean:     5.67753e+09
Max:      5690388516
StdDev:  ±1.28631e+07
