make_neighbors-if.end14.us.us
Count:    2
Min:      5665172155
Median:   5665172155
Mean:     5.67925e+09
Max:      5693327527
StdDev:  ±1.40777e+07
