make_neighbors-if.end14.us.us
Count:    2
Min:      5665247885
Median:   5665247885
Mean:     5.67833e+09
Max:      5691406005
StdDev:  ±1.30791e+07
