make_neighbors-if.end14.us.us
Count:    2
Min:      5671277728
Median:   5671277728
Mean:     5.67962e+09
Max:      5687958988
StdDev:  ±8.34063e+06
