make_neighbors-if.end14.us.us
Count:    2
Min:      5669275920
Median:   5669275920
Mean:     5.67987e+09
Max:      5690461635
StdDev:  ±1.05929e+07
