make_neighbors-if.end14.us.us
Count:    2
Min:      5668773279
Median:   5668773279
Mean:     5.67952e+09
Max:      5690270672
StdDev:  ±1.07487e+07
