kernel_floyd_warshall_StrictFP-for.body6
Count:    1
Min:      3486927000
Median:   8000017
Mean:     1.74346e+09
Max:      3486927000
StdDev:  ±1.74346e+09
