kernel_floyd_warshall_StrictFP-for.body6
Count:    1
Min:      3497084000
Median:   8000017
Mean:     1.74854e+09
Max:      3497084000
StdDev:  ±1.74854e+09
