kernel_floyd_warshall_StrictFP-for.body6
Count:    1
Min:      3500850000
Median:   8000017
Mean:     1.75042e+09
Max:      3500850000
StdDev:  ±1.75042e+09
