kernel_floyd_warshall_StrictFP-for.body6
Count:    1
Min:      3496753000
Median:   8000017
Mean:     1.74838e+09
Max:      3496753000
StdDev:  ±1.74838e+09
