kernel_floyd_warshall_StrictFP-for.body6
Count:    1
Min:      3496815000
Median:   8000017
Mean:     1.74841e+09
Max:      3496815000
StdDev:  ±1.74841e+09
