kernel_floyd_warshall_StrictFP-for.body6
Count:    1
Min:      3495717000
Median:   8000017
Mean:     1.74786e+09
Max:      3495717000
StdDev:  ±1.74786e+09
