kernel_floyd_warshall_StrictFP-for.body6
Count:    1
Min:      3491282000
Median:   8000017
Mean:     1.74564e+09
Max:      3491282000
StdDev:  ±1.74564e+09
