kernel_floyd_warshall_StrictFP-for.body6
Count:    1
Min:      3493103000
Median:   8000017
Mean:     1.74655e+09
Max:      3493103000
StdDev:  ±1.74655e+09
