kernel_floyd_warshall_StrictFP-for.body6
Count:    1
Min:      3493168000
Median:   8000017
Mean:     1.74658e+09
Max:      3493168000
StdDev:  ±1.74658e+09
