kernel_floyd_warshall_StrictFP-for.body6
Count:    1
Min:      3490558000
Median:   8000017
Mean:     1.74528e+09
Max:      3490558000
StdDev:  ±1.74528e+09
