kernel_floyd_warshall_StrictFP-for.body6
Count:    1
Min:      3496533000
Median:   8000017
Mean:     1.74827e+09
Max:      3496533000
StdDev:  ±1.74827e+09
