kernel_floyd_warshall_StrictFP-for.body6
Count:    1
Min:      3498484000
Median:   8000017
Mean:     1.74924e+09
Max:      3498484000
StdDev:  ±1.74924e+09
