kernel_floyd_warshall_StrictFP-for.body6
Count:    1
Min:      3497147000
Median:   8000017
Mean:     1.74857e+09
Max:      3497147000
StdDev:  ±1.74857e+09
