kernel_floyd_warshall_StrictFP-for.body6
Count:    1
Min:      3488463000
Median:   8000017
Mean:     1.74423e+09
Max:      3488463000
StdDev:  ±1.74423e+09
