main-for.body
Count:    1
Min:      12192819000
Median:   8000017
Mean:     6.09641e+09
Max:      12192819000
StdDev:  ±6.09641e+09
