main-for.body
Count:    1
Min:      12204040000
Median:   8000017
Mean:     6.10202e+09
Max:      12204040000
StdDev:  ±6.10202e+09
