main-for.body
Count:    1
Min:      12204065000
Median:   8000017
Mean:     6.10203e+09
Max:      12204065000
StdDev:  ±6.10203e+09
