main-for.body
Count:    1
Min:      12192789000
Median:   8000017
Mean:     6.09639e+09
Max:      12192789000
StdDev:  ±6.09639e+09
