main-for.body
Count:    1
Min:      12192760000
Median:   8000017
Mean:     6.09638e+09
Max:      12192760000
StdDev:  ±6.09638e+09
