main-for.body
Count:    1
Min:      12204029000
Median:   8000017
Mean:     6.10201e+09
Max:      12204029000
StdDev:  ±6.10201e+09
