fannkuch-for.body57
Count:    1
Min:      7158635694
Median:   8003586
Mean:     3.57932e+09
Max:      7158635694
StdDev:  ±3.57932e+09
