fannkuch-for.body57
Count:    1
Min:      7158578300
Median:   8003586
Mean:     3.57929e+09
Max:      7158578300
StdDev:  ±3.57929e+09
