fannkuch-for.body57
Count:    1
Min:      7155980728
Median:   8003586
Mean:     3.57799e+09
Max:      7155980728
StdDev:  ±3.57799e+09
