fannkuch-for.body57
Count:    1
Min:      7159678217
Median:   8003586
Mean:     3.57984e+09
Max:      7159678217
StdDev:  ±3.57984e+09
