main-for.body
Count:    1
Min:      2085944000
Median:   8000017
Mean:     1.04297e+09
Max:      2085944000
StdDev:  ±1.04297e+09
