main-for.body
Count:    1
Min:      1971650000
Median:   8000017
Mean:     9.85825e+08
Max:      1971650000
StdDev:  ±9.85825e+08
