main-for.body
Count:    1
Min:      1971643000
Median:   8000017
Mean:     9.85822e+08
Max:      1971643000
StdDev:  ±9.85822e+08
