main-for.body
Count:    1
Min:      2771650000
Median:   8000017
Mean:     1.38582e+09
Max:      2771650000
StdDev:  ±1.38582e+09
