main-for.body
Count:    1
Min:      2771660000
Median:   8000017
Mean:     1.38583e+09
Max:      2771660000
StdDev:  ±1.38583e+09
