main-for.body
Count:    1
Min:      2085925000
Median:   8000017
Mean:     1.04296e+09
Max:      2085925000
StdDev:  ±1.04296e+09
