main-for.body
Count:    1
Min:      1971629000
Median:   8000017
Mean:     9.85814e+08
Max:      1971629000
StdDev:  ±9.85814e+08
