main-for.body
Count:    1
Min:      2085963000
Median:   8000017
Mean:     1.04298e+09
Max:      2085963000
StdDev:  ±1.04298e+09
