main-for.body
Count:    1
Min:      2257356000
Median:   8000017
Mean:     1.12868e+09
Max:      2257356000
StdDev:  ±1.12868e+09
