main-for.body
Count:    1
Min:      2800219000
Median:   8000017
Mean:     1.40011e+09
Max:      2800219000
StdDev:  ±1.40011e+09
