main-for.body
Count:    1
Min:      2085950000
Median:   8000017
Mean:     1.04298e+09
Max:      2085950000
StdDev:  ±1.04298e+09
