s352-for.body3
Count:    1
Min:      2891059000
Median:   8000017
Mean:     1.44553e+09
Max:      2891059000
StdDev:  ±1.44553e+09
