s352-for.body3
Count:    1
Min:      3082616000
Median:   8000017
Mean:     1.54131e+09
Max:      3082616000
StdDev:  ±1.54131e+09
