s352-for.body3
Count:    1
Min:      2891017000
Median:   8000017
Mean:     1.44551e+09
Max:      2891017000
StdDev:  ±1.44551e+09
