s352-for.body3
Count:    1
Min:      2890982000
Median:   8000017
Mean:     1.44549e+09
Max:      2890982000
StdDev:  ±1.44549e+09
