s352-for.body3
Count:    1
Min:      2890897000
Median:   8000017
Mean:     1.44545e+09
Max:      2890897000
StdDev:  ±1.44545e+09
