s352-for.body3
Count:    1
Min:      2891041000
Median:   8000017
Mean:     1.44552e+09
Max:      2891041000
StdDev:  ±1.44552e+09
