s352-for.body3
Count:    1
Min:      2971116000
Median:   8000017
Mean:     1.48556e+09
Max:      2971116000
StdDev:  ±1.48556e+09
