s352-for.body3
Count:    1
Min:      2890738000
Median:   8000017
Mean:     1.44537e+09
Max:      2890738000
StdDev:  ±1.44537e+09
