s1281-vector.body
Count:    1
Min:      4262220000
Median:   8000017
Mean:     2.13111e+09
Max:      4262220000
StdDev:  ±2.13111e+09
