s1281-vector.body
Count:    1
Min:      4262071000
Median:   8000017
Mean:     2.13104e+09
Max:      4262071000
StdDev:  ±2.13104e+09
