s1281-vector.body
Count:    1
Min:      4242374000
Median:   8000017
Mean:     2.12119e+09
Max:      4242374000
StdDev:  ±2.12119e+09
