s1281-vector.body
Count:    1
Min:      4242308000
Median:   8000017
Mean:     2.12115e+09
Max:      4242308000
StdDev:  ±2.12115e+09
