s1281-vector.body
Count:    1
Min:      4181169000
Median:   8000017
Mean:     2.09058e+09
Max:      4181169000
StdDev:  ±2.09058e+09
