s1281-vector.body
Count:    1
Min:      4181069000
Median:   8000017
Mean:     2.09053e+09
Max:      4181069000
StdDev:  ±2.09053e+09
