s1281-vector.body
Count:    1
Min:      4187447000
Median:   8000017
Mean:     2.09372e+09
Max:      4187447000
StdDev:  ±2.09372e+09
