s1281-vector.body
Count:    1
Min:      4187561000
Median:   8000017
Mean:     2.09378e+09
Max:      4187561000
StdDev:  ±2.09378e+09
