s1281-vector.body
Count:    1
Min:      4271502000
Median:   8000017
Mean:     2.13575e+09
Max:      4271502000
StdDev:  ±2.13575e+09
