s1281-vector.body
Count:    1
Min:      4271448000
Median:   8000017
Mean:     2.13572e+09
Max:      4271448000
StdDev:  ±2.13572e+09
