s1281-vector.body
Count:    1
Min:      4302283000
Median:   8000017
Mean:     2.15114e+09
Max:      4302283000
StdDev:  ±2.15114e+09
