s1281-vector.body
Count:    1
Min:      4302373000
Median:   8000017
Mean:     2.15119e+09
Max:      4302373000
StdDev:  ±2.15119e+09
