s1281-vector.body
Count:    1
Min:      4044671000
Median:   8000017
Mean:     2.02234e+09
Max:      4044671000
StdDev:  ±2.02234e+09
