s1281-vector.body
Count:    1
Min:      4044158000
Median:   8000017
Mean:     2.02208e+09
Max:      4044158000
StdDev:  ±2.02208e+09
