s1281-vector.body
Count:    1
Min:      4189224000
Median:   8000017
Mean:     2.09461e+09
Max:      4189224000
StdDev:  ±2.09461e+09
