s1281-vector.body
Count:    1
Min:      4189340000
Median:   8000017
Mean:     2.09467e+09
Max:      4189340000
StdDev:  ±2.09467e+09
