s1281-vector.body
Count:    1
Min:      4317551000
Median:   8000017
Mean:     2.15878e+09
Max:      4317551000
StdDev:  ±2.15878e+09
