s1281-vector.body
Count:    1
Min:      4196670000
Median:   8000017
Mean:     2.09834e+09
Max:      4196670000
StdDev:  ±2.09834e+09
