s1281-vector.body
Count:    1
Min:      4277046000
Median:   8000017
Mean:     2.13852e+09
Max:      4277046000
StdDev:  ±2.13852e+09
