s1281-vector.body
Count:    1
Min:      4277053000
Median:   8000017
Mean:     2.13853e+09
Max:      4277053000
StdDev:  ±2.13853e+09
