kernel_dynprog-for.body31
Count:    2
Min:      1647939217
Median:   1647939217
Mean:     1.64966e+09
Max:      1651389782
StdDev:  ±1.72528e+06
