kernel_dynprog-for.body31
Count:    2
Min:      1646391449
Median:   1646391449
Mean:     1.64808e+09
Max:      1649760607
StdDev:  ±1.68458e+06
