kernel_dynprog-for.body31
Count:    2
Min:      1809669261
Median:   1809669261
Mean:     1.81074e+09
Max:      1811804780
StdDev:  ±1.06776e+06
