kernel_dynprog-for.body31
Count:    2
Min:      1788504209
Median:   1788504209
Mean:     1.79045e+09
Max:      1792399723
StdDev:  ±1.94776e+06
