kernel_dynprog-for.body31
Count:    2
Min:      1797809613
Median:   1797809613
Mean:     1.79887e+09
Max:      1799933521
StdDev:  ±1.06195e+06
