kernel_dynprog-for.body31
Count:    2
Min:      1802233814
Median:   1802233814
Mean:     1.80447e+09
Max:      1806710573
StdDev:  ±2.23838e+06
