kernel_dynprog-for.body31
Count:    2
Min:      1518116880
Median:   1518116880
Mean:     1.51948e+09
Max:      1520850208
StdDev:  ±1.36666e+06
