kernel_dynprog-for.body31
Count:    2
Min:      1531549938
Median:   1531549938
Mean:     1.53342e+09
Max:      1535296958
StdDev:  ±1.87351e+06
