kernel_dynprog-for.body31
Count:    2
Min:      1647954369
Median:   1647954369
Mean:     1.64998e+09
Max:      1652005867
StdDev:  ±2.02575e+06
