s235-for.body11
Count:    1
Min:      13782185795
Median:   8003586
Mean:     6.89109e+09
Max:      13782185795
StdDev:  ±6.89109e+09
