s235-for.body11
Count:    1
Min:      14396687123
Median:   8003586
Mean:     7.19834e+09
Max:      14396687123
StdDev:  ±7.19834e+09
