kernel_bicg_StrictFP-for.body8
Count:    1
Min:      114807000
Median:   8000017
Mean:     5.74035e+07
Max:      114807000
StdDev:  ±5.74035e+07
