kernel_bicg_StrictFP-for.body8
Count:    1
Min:      114495000
Median:   8000017
Mean:     5.72475e+07
Max:      114495000
StdDev:  ±5.72475e+07
