kernel_bicg_StrictFP-for.body8
Count:    1
Min:      114817000
Median:   8000017
Mean:     5.74085e+07
Max:      114817000
StdDev:  ±5.74085e+07
