kernel_bicg_StrictFP-for.body8
Count:    1
Min:      115021000
Median:   8000017
Mean:     5.75105e+07
Max:      115021000
StdDev:  ±5.75105e+07
