kernel_bicg_StrictFP-for.body8
Count:    1
Min:      115221000
Median:   8000017
Mean:     5.76105e+07
Max:      115221000
StdDev:  ±5.76105e+07
