kernel_bicg_StrictFP-for.body8
Count:    1
Min:      120985000
Median:   8000017
Mean:     6.04925e+07
Max:      120985000
StdDev:  ±6.04925e+07
