kernel_bicg_StrictFP-for.body8
Count:    1
Min:      125695000
Median:   8000017
Mean:     6.28475e+07
Max:      125695000
StdDev:  ±6.28475e+07
