kernel_bicg_StrictFP-for.body8
Count:    1
Min:      114633000
Median:   8000017
Mean:     5.73165e+07
Max:      114633000
StdDev:  ±5.73165e+07
