kernel_bicg_StrictFP-for.body8
Count:    1
Min:      114655000
Median:   8000017
Mean:     5.73275e+07
Max:      114655000
StdDev:  ±5.73275e+07
