main-for.body
Count:    1
Min:      5357417000
Median:   8000017
Mean:     2.67871e+09
Max:      5357417000
StdDev:  ±2.67871e+09
