main-for.body
Count:    1
Min:      5357364000
Median:   8000017
Mean:     2.67868e+09
Max:      5357364000
StdDev:  ±2.67868e+09
