main-for.body
Count:    1
Min:      5357358000
Median:   8000017
Mean:     2.67868e+09
Max:      5357358000
StdDev:  ±2.67868e+09
