main-for.body
Count:    1
Min:      5357333000
Median:   8000017
Mean:     2.67867e+09
Max:      5357333000
StdDev:  ±2.67867e+09
