main-for.body
Count:    1
Min:      5357374000
Median:   8000017
Mean:     2.67869e+09
Max:      5357374000
StdDev:  ±2.67869e+09
