s422-for.body4
Count:    1
Min:      3462528000
Median:   8000017
Mean:     1.73126e+09
Max:      3462528000
StdDev:  ±1.73126e+09
