s422-for.body4
Count:    1
Min:      3461722000
Median:   8000017
Mean:     1.73086e+09
Max:      3461722000
StdDev:  ±1.73086e+09
