s422-for.body4
Count:    1
Min:      3463177000
Median:   8000017
Mean:     1.73159e+09
Max:      3463177000
StdDev:  ±1.73159e+09
