s422-for.body4
Count:    1
Min:      3196447000
Median:   8000017
Mean:     1.59822e+09
Max:      3196447000
StdDev:  ±1.59822e+09
