s422-for.body4
Count:    1
Min:      3204622000
Median:   8000017
Mean:     1.60231e+09
Max:      3204622000
StdDev:  ±1.60231e+09
