s422-for.body4
Count:    1
Min:      2657518000
Median:   8000017
Mean:     1.32876e+09
Max:      2657518000
StdDev:  ±1.32876e+09
