s422-for.body4
Count:    1
Min:      4055421000
Median:   8000017
Mean:     2.02771e+09
Max:      4055421000
StdDev:  ±2.02771e+09
