s422-for.body4
Count:    1
Min:      4056074000
Median:   8000017
Mean:     2.02804e+09
Max:      4056074000
StdDev:  ±2.02804e+09
