s422-for.body4
Count:    1
Min:      3197296000
Median:   8000017
Mean:     1.59865e+09
Max:      3197296000
StdDev:  ±1.59865e+09
