s422-for.body4
Count:    1
Min:      3068266000
Median:   8000017
Mean:     1.53413e+09
Max:      3068266000
StdDev:  ±1.53413e+09
