s422-for.body4
Count:    1
Min:      3067981000
Median:   8000017
Mean:     1.53399e+09
Max:      3067981000
StdDev:  ±1.53399e+09
