s422-for.body4
Count:    1
Min:      3069845000
Median:   8000017
Mean:     1.53492e+09
Max:      3069845000
StdDev:  ±1.53492e+09
