s422-for.body4
Count:    1
Min:      3463026000
Median:   8000017
Mean:     1.73151e+09
Max:      3463026000
StdDev:  ±1.73151e+09
