kernel_syr2k_StrictFP-for.body17
Count:    1
Min:      13682545000
Median:   8000017
Mean:     6.84127e+09
Max:      13682545000
StdDev:  ±6.84127e+09
