kernel_syr2k_StrictFP-for.body17
Count:    1
Min:      13636373000
Median:   8000017
Mean:     6.81819e+09
Max:      13636373000
StdDev:  ±6.81819e+09
