kernel_syr2k_StrictFP-for.body17
Count:    1
Min:      13702414000
Median:   8000017
Mean:     6.85121e+09
Max:      13702414000
StdDev:  ±6.85121e+09
