kernel_syr2k_StrictFP-for.body17
Count:    1
Min:      13702134000
Median:   8000017
Mean:     6.85107e+09
Max:      13702134000
StdDev:  ±6.85107e+09
