kernel_syr2k_StrictFP-for.body17
Count:    1
Min:      13605163000
Median:   8000017
Mean:     6.80258e+09
Max:      13605163000
StdDev:  ±6.80258e+09
