kernel_syr2k_StrictFP-for.body17
Count:    1
Min:      13684734000
Median:   8000017
Mean:     6.84237e+09
Max:      13684734000
StdDev:  ±6.84237e+09
