kernel_syr2k_StrictFP-for.body17
Count:    1
Min:      13663824000
Median:   8000017
Mean:     6.83191e+09
Max:      13663824000
StdDev:  ±6.83191e+09
