kernel_syr2k_StrictFP-for.body17
Count:    1
Min:      13661172000
Median:   8000017
Mean:     6.83059e+09
Max:      13661172000
StdDev:  ±6.83059e+09
