kernel_syr2k_StrictFP-for.body17
Count:    1
Min:      13661459000
Median:   8000017
Mean:     6.83073e+09
Max:      13661459000
StdDev:  ±6.83073e+09
