kernel_syr2k_StrictFP-for.body17
Count:    1
Min:      13573769000
Median:   8000017
Mean:     6.78688e+09
Max:      13573769000
StdDev:  ±6.78688e+09
