kernel_syr2k_StrictFP-for.body17
Count:    1
Min:      13573933000
Median:   8000017
Mean:     6.78697e+09
Max:      13573933000
StdDev:  ±6.78697e+09
