kernel_syr2k_StrictFP-for.body17
Count:    1
Min:      13682019000
Median:   8000017
Mean:     6.84101e+09
Max:      13682019000
StdDev:  ±6.84101e+09
