susan_smoothing-for.body89
Count:    1
Min:      114063000
Median:   8000017
Mean:     5.70315e+07
Max:      114063000
StdDev:  ±5.70315e+07
