main-for.body12
Count:    1
Min:      14286432000
Median:   8000017
Mean:     7.14322e+09
Max:      14286432000
StdDev:  ±7.14322e+09
