main-for.body12
Count:    1
Min:      14286263000
Median:   8000017
Mean:     7.14313e+09
Max:      14286263000
StdDev:  ±7.14313e+09
