main-for.body12
Count:    1
Min:      14286324000
Median:   8000017
Mean:     7.14316e+09
Max:      14286324000
StdDev:  ±7.14316e+09
