main-for.body12
Count:    1
Min:      14286379000
Median:   8000017
Mean:     7.14319e+09
Max:      14286379000
StdDev:  ±7.14319e+09
