main-for.body12
Count:    1
Min:      14286357000
Median:   8000017
Mean:     7.14318e+09
Max:      14286357000
StdDev:  ±7.14318e+09
