main-for.body12
Count:    1
Min:      18453045000
Median:   8000017
Mean:     9.22652e+09
Max:      18453045000
StdDev:  ±9.22652e+09
