main-for.body12
Count:    1
Min:      14286332000
Median:   8000017
Mean:     7.14317e+09
Max:      14286332000
StdDev:  ±7.14317e+09
