main-while.body243
Count:    1
Min:      242903399
Median:   8003586
Mean:     1.21452e+08
Max:      242903399
StdDev:  ±1.21452e+08
