main-while.body243
Count:    1
Min:      230055315
Median:   8003586
Mean:     1.15028e+08
Max:      230055315
StdDev:  ±1.15028e+08
