main-while.body243
Count:    1
Min:      229574544
Median:   8003586
Mean:     1.14787e+08
Max:      229574544
StdDev:  ±1.14787e+08
