main-while.body243
Count:    1
Min:      231678531
Median:   8003586
Mean:     1.15839e+08
Max:      231678531
StdDev:  ±1.15839e+08
