main-while.body243
Count:    1
Min:      231054529
Median:   8003586
Mean:     1.15527e+08
Max:      231054529
StdDev:  ±1.15527e+08
