main-while.body243
Count:    1
Min:      235185941
Median:   8003586
Mean:     1.17593e+08
Max:      235185941
StdDev:  ±1.17593e+08
