main-while.body243
Count:    1
Min:      231988482
Median:   8003586
Mean:     1.15994e+08
Max:      231988482
StdDev:  ±1.15994e+08
