main-while.body243
Count:    1
Min:      228941006
Median:   8003586
Mean:     1.14471e+08
Max:      228941006
StdDev:  ±1.14471e+08
