main-while.body243
Count:    1
Min:      231397801
Median:   8003586
Mean:     1.15699e+08
Max:      231397801
StdDev:  ±1.15699e+08
