main-while.body243
Count:    1
Min:      231301611
Median:   8003586
Mean:     1.15651e+08
Max:      231301611
StdDev:  ±1.15651e+08
