main-while.body243
Count:    1
Min:      234888132
Median:   8003586
Mean:     1.17444e+08
Max:      234888132
StdDev:  ±1.17444e+08
