main-while.body243
Count:    1
Min:      231211869
Median:   8003586
Mean:     1.15606e+08
Max:      231211869
StdDev:  ±1.15606e+08
