main-while.body243
Count:    1
Min:      230698020
Median:   8003586
Mean:     1.15349e+08
Max:      230698020
StdDev:  ±1.15349e+08
