main-while.body243
Count:    1
Min:      235663699
Median:   8003586
Mean:     1.17832e+08
Max:      235663699
StdDev:  ±1.17832e+08
