main-while.body243
Count:    1
Min:      230201468
Median:   8003586
Mean:     1.15101e+08
Max:      230201468
StdDev:  ±1.15101e+08
