main-while.body243
Count:    1
Min:      231474527
Median:   8003586
Mean:     1.15737e+08
Max:      231474527
StdDev:  ±1.15737e+08
