main-while.body243
Count:    1
Min:      230574687
Median:   8003586
Mean:     1.15287e+08
Max:      230574687
StdDev:  ±1.15287e+08
