main-while.body243
Count:    1
Min:      230058190
Median:   8003586
Mean:     1.15029e+08
Max:      230058190
StdDev:  ±1.15029e+08
