main-while.body243
Count:    1
Min:      233487423
Median:   8003586
Mean:     1.16744e+08
Max:      233487423
StdDev:  ±1.16744e+08
