s211-for.body3
Count:    1
Min:      14837948666
Median:   8003586
Mean:     7.41897e+09
Max:      14837948666
StdDev:  ±7.41897e+09
