s211-for.body3
Count:    1
Min:      14903237127
Median:   8003586
Mean:     7.45162e+09
Max:      14903237127
StdDev:  ±7.45162e+09
