s211-for.body3
Count:    1
Min:      14656909455
Median:   8003586
Mean:     7.32845e+09
Max:      14656909455
StdDev:  ±7.32845e+09
