s211-for.body3
Count:    1
Min:      15123744289
Median:   8003586
Mean:     7.56187e+09
Max:      15123744289
StdDev:  ±7.56187e+09
