s211-for.body3
Count:    1
Min:      14746491101
Median:   8003586
Mean:     7.37325e+09
Max:      14746491101
StdDev:  ±7.37325e+09
