s211-for.body3
Count:    1
Min:      14290910802
Median:   8003586
Mean:     7.14546e+09
Max:      14290910802
StdDev:  ±7.14546e+09
