s211-for.body3
Count:    1
Min:      14482568889
Median:   8003586
Mean:     7.24128e+09
Max:      14482568889
StdDev:  ±7.24128e+09
