s211-for.body3
Count:    1
Min:      14372265269
Median:   8003586
Mean:     7.18613e+09
Max:      14372265269
StdDev:  ±7.18613e+09
