s211-for.body3
Count:    1
Min:      14995938798
Median:   8003586
Mean:     7.49797e+09
Max:      14995938798
StdDev:  ±7.49797e+09
