s211-for.body3
Count:    1
Min:      14794985655
Median:   8003586
Mean:     7.39749e+09
Max:      14794985655
StdDev:  ±7.39749e+09
