kernel_syrk_StrictFP-for.body17
Count:    1
Min:      13529659813
Median:   8003586
Mean:     6.76483e+09
Max:      13529659813
StdDev:  ±6.76483e+09
