kernel_syrk_StrictFP-for.body17
Count:    1
Min:      13871285777
Median:   8003586
Mean:     6.93564e+09
Max:      13871285777
StdDev:  ±6.93564e+09
