kernel_syrk_StrictFP-for.body17
Count:    1
Min:      13871367648
Median:   8003586
Mean:     6.93568e+09
Max:      13871367648
StdDev:  ±6.93568e+09
