kernel_syrk_StrictFP-for.body17
Count:    1
Min:      13109716010
Median:   8003586
Mean:     6.55486e+09
Max:      13109716010
StdDev:  ±6.55486e+09
