fourn-for.body80.1
Count:    126
Min:      91245101
Median:   91794421
Mean:     9.22679e+07
Max:      104593187
StdDev:  ±1.94748e+06
