fourn-for.body80.1
Count:    126
Min:      91525202
Median:   92045407
Mean:     9.23005e+07
Max:      100648837
StdDev:  ±1.00291e+06
