kernel_fdtd_2d_StrictFP-vector.body
Count:    1
Min:      2555778680
Median:   8003586
Mean:     1.27789e+09
Max:      2555778680
StdDev:  ±1.27789e+09
