kernel_fdtd_2d_StrictFP-vector.body
Count:    1
Min:      2644327621
Median:   8003586
Mean:     1.32216e+09
Max:      2644327621
StdDev:  ±1.32216e+09
