kernel_fdtd_2d_StrictFP-vector.body
Count:    1
Min:      2623227921
Median:   8003586
Mean:     1.31161e+09
Max:      2623227921
StdDev:  ±1.31161e+09
