kernel_fdtd_2d_StrictFP-vector.body
Count:    1
Min:      2627505640
Median:   8003586
Mean:     1.31375e+09
Max:      2627505640
StdDev:  ±1.31375e+09
