kernel_fdtd_2d_StrictFP-vector.body
Count:    1
Min:      2610978583
Median:   8003586
Mean:     1.30549e+09
Max:      2610978583
StdDev:  ±1.30549e+09
