kernel_fdtd_2d_StrictFP-vector.body
Count:    1
Min:      2574787939
Median:   8003586
Mean:     1.28739e+09
Max:      2574787939
StdDev:  ±1.28739e+09
