kernel_fdtd_2d_StrictFP-vector.body
Count:    1
Min:      2575180732
Median:   8003586
Mean:     1.28759e+09
Max:      2575180732
StdDev:  ±1.28759e+09
