kernel_fdtd_2d_StrictFP-vector.body
Count:    1
Min:      2596068104
Median:   8003586
Mean:     1.29803e+09
Max:      2596068104
StdDev:  ±1.29803e+09
