kernel_fdtd_2d_StrictFP-vector.body
Count:    1
Min:      2585988451
Median:   8003586
Mean:     1.29299e+09
Max:      2585988451
StdDev:  ±1.29299e+09
