kernel_fdtd_2d_StrictFP-vector.body
Count:    1
Min:      2590730437
Median:   8003586
Mean:     1.29537e+09
Max:      2590730437
StdDev:  ±1.29537e+09
