kernel_fdtd_2d_StrictFP-vector.body
Count:    1
Min:      2655164909
Median:   8003586
Mean:     1.32758e+09
Max:      2655164909
StdDev:  ±1.32758e+09
