kernel_fdtd_2d_StrictFP-vector.body
Count:    1
Min:      2652437303
Median:   8003586
Mean:     1.32622e+09
Max:      2652437303
StdDev:  ±1.32622e+09
