kernel_fdtd_2d_StrictFP-vector.body
Count:    1
Min:      2596496639
Median:   8003586
Mean:     1.29825e+09
Max:      2596496639
StdDev:  ±1.29825e+09
