kernel_fdtd_2d_StrictFP-vector.body
Count:    1
Min:      2599359726
Median:   8003586
Mean:     1.29968e+09
Max:      2599359726
StdDev:  ±1.29968e+09
