kernel_fdtd_2d_StrictFP-vector.body
Count:    1
Min:      2625332610
Median:   8003586
Mean:     1.31267e+09
Max:      2625332610
StdDev:  ±1.31267e+09
