kernel_fdtd_2d_StrictFP-vector.body
Count:    1
Min:      2628242475
Median:   8003586
Mean:     1.31412e+09
Max:      2628242475
StdDev:  ±1.31412e+09
