kernel_trmm_StrictFP-for.body6
Count:    1
Min:      2101644000
Median:   8000017
Mean:     1.05082e+09
Max:      2101644000
StdDev:  ±1.05082e+09
