kernel_trmm_StrictFP-for.body6
Count:    1
Min:      2039720000
Median:   8000017
Mean:     1.01986e+09
Max:      2039720000
StdDev:  ±1.01986e+09
