kernel_trmm_StrictFP-for.body6
Count:    1
Min:      2064246000
Median:   8000017
Mean:     1.03212e+09
Max:      2064246000
StdDev:  ±1.03212e+09
