kernel_trmm_StrictFP-for.body6
Count:    1
Min:      2064493000
Median:   8000017
Mean:     1.03225e+09
Max:      2064493000
StdDev:  ±1.03225e+09
