kernel_trmm_StrictFP-for.body6
Count:    1
Min:      2011342000
Median:   8000017
Mean:     1.00567e+09
Max:      2011342000
StdDev:  ±1.00567e+09
