kernel_trmm_StrictFP-for.body6
Count:    1
Min:      2011176000
Median:   8000017
Mean:     1.00559e+09
Max:      2011176000
StdDev:  ±1.00559e+09
