kernel_trmm_StrictFP-for.body6
Count:    1
Min:      2076156000
Median:   8000017
Mean:     1.03808e+09
Max:      2076156000
StdDev:  ±1.03808e+09
