kernel_trmm_StrictFP-for.body6
Count:    1
Min:      2016288000
Median:   8000017
Mean:     1.00814e+09
Max:      2016288000
StdDev:  ±1.00814e+09
