kernel_trmm_StrictFP-for.body6
Count:    1
Min:      2016424000
Median:   8000017
Mean:     1.00821e+09
Max:      2016424000
StdDev:  ±1.00821e+09
