kernel_trmm_StrictFP-for.body6
Count:    1
Min:      2082844000
Median:   8000017
Mean:     1.04142e+09
Max:      2082844000
StdDev:  ±1.04142e+09
