kernel_trmm_StrictFP-for.body6
Count:    1
Min:      2083224000
Median:   8000017
Mean:     1.04161e+09
Max:      2083224000
StdDev:  ±1.04161e+09
