kernel_trmm_StrictFP-for.body6
Count:    1
Min:      2002873000
Median:   8000017
Mean:     1.00144e+09
Max:      2002873000
StdDev:  ±1.00144e+09
