tak-if.then
Count:    1
Min:      5382916000
Median:   8000017
Mean:     2.69146e+09
Max:      5382916000
StdDev:  ±2.69146e+09
