tak-if.then
Count:    1
Min:      5381911000
Median:   8000017
Mean:     2.69096e+09
Max:      5381911000
StdDev:  ±2.69096e+09
