tak-if.then
Count:    1
Min:      5382847000
Median:   8000017
Mean:     2.69142e+09
Max:      5382847000
StdDev:  ±2.69142e+09
