tak-if.then
Count:    1
Min:      5382478000
Median:   8000017
Mean:     2.69124e+09
Max:      5382478000
StdDev:  ±2.69124e+09
