tak-if.then
Count:    1
Min:      5379589000
Median:   8000017
Mean:     2.68979e+09
Max:      5379589000
StdDev:  ±2.68979e+09
