tak-if.then
Count:    1
Min:      5381302000
Median:   8000017
Mean:     2.69065e+09
Max:      5381302000
StdDev:  ±2.69065e+09
