tak-if.then
Count:    1
Min:      5381691000
Median:   8000017
Mean:     2.69085e+09
Max:      5381691000
StdDev:  ±2.69085e+09
