tak-if.then
Count:    1
Min:      5380611000
Median:   8000017
Mean:     2.69031e+09
Max:      5380611000
StdDev:  ±2.69031e+09
