tak-if.then
Count:    1
Min:      5380565000
Median:   8000017
Mean:     2.69028e+09
Max:      5380565000
StdDev:  ±2.69028e+09
