tak-if.then
Count:    1
Min:      5381373000
Median:   8000017
Mean:     2.69069e+09
Max:      5381373000
StdDev:  ±2.69069e+09
