tak-if.then
Count:    1
Min:      5383451000
Median:   8000017
Mean:     2.69173e+09
Max:      5383451000
StdDev:  ±2.69173e+09
