tak-if.then
Count:    1
Min:      5381495000
Median:   8000017
Mean:     2.69075e+09
Max:      5381495000
StdDev:  ±2.69075e+09
