tak-if.then
Count:    1
Min:      5381259000
Median:   8000017
Mean:     2.69063e+09
Max:      5381259000
StdDev:  ±2.69063e+09
