tak-if.then
Count:    1
Min:      5387753000
Median:   8000017
Mean:     2.69388e+09
Max:      5387753000
StdDev:  ±2.69388e+09
