tak-if.then
Count:    1
Min:      5381177000
Median:   8000017
Mean:     2.69059e+09
Max:      5381177000
StdDev:  ±2.69059e+09
