tak-if.then
Count:    1
Min:      5379129000
Median:   8000017
Mean:     2.68956e+09
Max:      5379129000
StdDev:  ±2.68956e+09
