s1251-vector.body
Count:    1
Min:      21541387061
Median:   8003586
Mean:     1.07707e+10
Max:      21541387061
StdDev:  ±1.07707e+10
