s1251-vector.body
Count:    1
Min:      20811358918
Median:   8003586
Mean:     1.04057e+10
Max:      20811358918
StdDev:  ±1.04057e+10
