s1251-vector.body
Count:    1
Min:      21122613749
Median:   8003586
Mean:     1.05613e+10
Max:      21122613749
StdDev:  ±1.05613e+10
