s1251-vector.body
Count:    1
Min:      20364367162
Median:   8003586
Mean:     1.01822e+10
Max:      20364367162
StdDev:  ±1.01822e+10
