s1251-vector.body
Count:    1
Min:      21321367264
Median:   8003586
Mean:     1.06607e+10
Max:      21321367264
StdDev:  ±1.06607e+10
