init_array-for.body14
Count:    2
Min:      171680832
Median:   171680832
Mean:     3.36737e+08
Max:      501792486
StdDev:  ±1.65056e+08
