init_array-for.body14
Count:    2
Min:      171467155
Median:   171467155
Mean:     3.35521e+08
Max:      499574231
StdDev:  ±1.64054e+08
