init_array-for.body14
Count:    2
Min:      171532312
Median:   171532312
Mean:     3.35199e+08
Max:      498865754
StdDev:  ±1.63667e+08
