init_array-for.body14
Count:    2
Min:      172091683
Median:   172091683
Mean:     3.36519e+08
Max:      500946000
StdDev:  ±1.64427e+08
