init_array-for.body14
Count:    2
Min:      172300608
Median:   172300608
Mean:     3.36493e+08
Max:      500685230
StdDev:  ±1.64192e+08
