init_array-for.body14
Count:    2
Min:      172409046
Median:   172409046
Mean:     3.36211e+08
Max:      500013784
StdDev:  ±1.63802e+08
