init_array-for.body14
Count:    2
Min:      173740500
Median:   173740500
Mean:     3.38304e+08
Max:      502867482
StdDev:  ±1.64563e+08
