init_array-for.body14
Count:    2
Min:      172090729
Median:   172090729
Mean:     3.35803e+08
Max:      499515704
StdDev:  ±1.63712e+08
