init_array-for.body14
Count:    2
Min:      174080937
Median:   174080937
Mean:     3.38327e+08
Max:      502573390
StdDev:  ±1.64246e+08
