init_array-for.body14
Count:    2
Min:      172247261
Median:   172247261
Mean:     3.36514e+08
Max:      500780499
StdDev:  ±1.64267e+08
