init_array-for.body14
Count:    2
Min:      173049112
Median:   173049112
Mean:     3.36456e+08
Max:      499862286
StdDev:  ±1.63407e+08
