init_array-for.body14
Count:    2
Min:      171497516
Median:   171497516
Mean:     3.35136e+08
Max:      498774179
StdDev:  ±1.63638e+08
