init_array-for.body14
Count:    2
Min:      172225810
Median:   172225810
Mean:     3.37597e+08
Max:      502967838
StdDev:  ±1.65371e+08
