init_array-for.body14
Count:    2
Min:      172325394
Median:   172325394
Mean:     3.36014e+08
Max:      499702150
StdDev:  ±1.63688e+08
