init_array-for.body14
Count:    2
Min:      173794279
Median:   173794279
Mean:     3.38251e+08
Max:      502708094
StdDev:  ±1.64457e+08
