init_array-for.body14
Count:    2
Min:      174020191
Median:   174020191
Mean:     3.38318e+08
Max:      502615111
StdDev:  ±1.64297e+08
