init_array-for.body14
Count:    2
Min:      173466061
Median:   173466061
Mean:     3.38211e+08
Max:      502956392
StdDev:  ±1.64745e+08
