init_array-for.body14
Count:    2
Min:      172282951
Median:   172282951
Mean:     3.35808e+08
Max:      499332479
StdDev:  ±1.63525e+08
