s127-for.body3
Count:    1
Min:      5793679995
Median:   8003586
Mean:     2.89684e+09
Max:      5793679995
StdDev:  ±2.89684e+09
