s127-for.body3
Count:    1
Min:      5340476261
Median:   8003586
Mean:     2.67024e+09
Max:      5340476261
StdDev:  ±2.67024e+09
