kernel_symm_StrictFP-for.body6
Count:    1
Min:      26721194000
Median:   8000017
Mean:     1.33606e+10
Max:      26721194000
StdDev:  ±1.33606e+10
