kernel_symm_StrictFP-for.body6
Count:    1
Min:      26722697000
Median:   8000017
Mean:     1.33613e+10
Max:      26722697000
StdDev:  ±1.33613e+10
