kernel_symm_StrictFP-for.body6
Count:    1
Min:      26566237000
Median:   8000017
Mean:     1.32831e+10
Max:      26566237000
StdDev:  ±1.32831e+10
