kernel_symm_StrictFP-for.body6
Count:    1
Min:      26560517000
Median:   8000017
Mean:     1.32803e+10
Max:      26560517000
StdDev:  ±1.32803e+10
