kernel_symm_StrictFP-for.body6
Count:    1
Min:      26535803000
Median:   8000017
Mean:     1.32679e+10
Max:      26535803000
StdDev:  ±1.32679e+10
