kernel_symm_StrictFP-for.body6
Count:    1
Min:      26541362000
Median:   8000017
Mean:     1.32707e+10
Max:      26541362000
StdDev:  ±1.32707e+10
