kernel_symm_StrictFP-for.body6
Count:    1
Min:      26935831000
Median:   8000017
Mean:     1.34679e+10
Max:      26935831000
StdDev:  ±1.34679e+10
