kernel_symm_StrictFP-for.body6
Count:    1
Min:      26933051000
Median:   8000017
Mean:     1.34665e+10
Max:      26933051000
StdDev:  ±1.34665e+10
