kernel_symm_StrictFP-for.body6
Count:    1
Min:      26728139000
Median:   8000017
Mean:     1.33641e+10
Max:      26728139000
StdDev:  ±1.33641e+10
