kernel_symm_StrictFP-for.body6
Count:    1
Min:      26737802000
Median:   8000017
Mean:     1.33689e+10
Max:      26737802000
StdDev:  ±1.33689e+10
