kernel_symm_StrictFP-for.body6
Count:    1
Min:      26609102000
Median:   8000017
Mean:     1.33046e+10
Max:      26609102000
StdDev:  ±1.33046e+10
