kernel_symm_StrictFP-for.body6
Count:    1
Min:      26552148000
Median:   8000017
Mean:     1.32761e+10
Max:      26552148000
StdDev:  ±1.32761e+10
