kernel_symm_StrictFP-for.body6
Count:    1
Min:      25693033000
Median:   8000017
Mean:     1.28465e+10
Max:      25693033000
StdDev:  ±1.28465e+10
