kernel_symm_StrictFP-for.body6
Count:    1
Min:      26867757000
Median:   8000017
Mean:     1.34339e+10
Max:      26867757000
StdDev:  ±1.34339e+10
