kernel_symm_StrictFP-for.body6
Count:    1
Min:      26690657000
Median:   8000017
Mean:     1.33453e+10
Max:      26690657000
StdDev:  ±1.33453e+10
