kernel_symm_StrictFP-for.body6
Count:    1
Min:      26695528000
Median:   8000017
Mean:     1.33478e+10
Max:      26695528000
StdDev:  ±1.33478e+10
