kernel_atax_StrictFP-for.body8
Count:    1
Min:      278883278
Median:   8003586
Mean:     1.39442e+08
Max:      278883278
StdDev:  ±1.39442e+08
