kernel_atax_StrictFP-for.body8
Count:    1
Min:      279117502
Median:   8003586
Mean:     1.39559e+08
Max:      279117502
StdDev:  ±1.39559e+08
