kernel_atax_StrictFP-for.body8
Count:    1
Min:      279091280
Median:   8003586
Mean:     1.39546e+08
Max:      279091280
StdDev:  ±1.39546e+08
