main-for.body
Count:    1
Min:      6986660960
Median:   8003586
Mean:     3.49333e+09
Max:      6986660960
StdDev:  ±3.49333e+09
