main-for.body
Count:    1
Min:      6987706008
Median:   8003586
Mean:     3.49385e+09
Max:      6987706008
StdDev:  ±3.49385e+09
