main-for.body
Count:    1
Min:      6986689651
Median:   8003586
Mean:     3.49334e+09
Max:      6986689651
StdDev:  ±3.49334e+09
