main-for.body
Count:    1
Min:      6991049076
Median:   8003586
Mean:     3.49552e+09
Max:      6991049076
StdDev:  ±3.49552e+09
