main-for.body
Count:    1
Min:      6990142466
Median:   8003586
Mean:     3.49507e+09
Max:      6990142466
StdDev:  ±3.49507e+09
