main-for.body
Count:    1
Min:      6990118599
Median:   8003586
Mean:     3.49506e+09
Max:      6990118599
StdDev:  ±3.49506e+09
