main-for.body
Count:    1
Min:      6990254052
Median:   8003586
Mean:     3.49513e+09
Max:      6990254052
StdDev:  ±3.49513e+09
