main-for.body
Count:    1
Min:      6989650282
Median:   8003586
Mean:     3.49483e+09
Max:      6989650282
StdDev:  ±3.49483e+09
