main-for.body
Count:    1
Min:      6991245324
Median:   8003586
Mean:     3.49562e+09
Max:      6991245324
StdDev:  ±3.49562e+09
