FindAnagram-while.body
Count:    560
Min:      36094
Median:   5870768
Mean:     4.35924e+06
Max:      6004464
StdDev:  ±1.66476e+06
