FindAnagram-while.body
Count:    560
Min:      36093
Median:   5862336
Mean:     4.35125e+06
Max:      5947074
StdDev:  ±1.66222e+06
