s343-if.then.1
Count:    1
Min:      15031266982
Median:   8003586
Mean:     7.51563e+09
Max:      15031266982
StdDev:  ±7.51563e+09
