s343-if.then.1
Count:    1
Min:      16166680295
Median:   8003586
Mean:     8.08334e+09
Max:      16166680295
StdDev:  ±8.08334e+09
