s343-if.then.1
Count:    1
Min:      14552927774
Median:   8003586
Mean:     7.27646e+09
Max:      14552927774
StdDev:  ±7.27646e+09
