s343-if.then.1
Count:    1
Min:      14726013926
Median:   8003586
Mean:     7.36301e+09
Max:      14726013926
StdDev:  ±7.36301e+09
