s343-if.then.1
Count:    1
Min:      15031334440
Median:   8003586
Mean:     7.51567e+09
Max:      15031334440
StdDev:  ±7.51567e+09
