s343-if.then.1
Count:    1
Min:      16939685508
Median:   8003586
Mean:     8.46984e+09
Max:      16939685508
StdDev:  ±8.46984e+09
