s343-if.then.1
Count:    1
Min:      13398419469
Median:   8003586
Mean:     6.69921e+09
Max:      13398419469
StdDev:  ±6.69921e+09
