s343-if.then.1
Count:    1
Min:      13821465879
Median:   8003586
Mean:     6.91073e+09
Max:      13821465879
StdDev:  ±6.91073e+09
