s343-if.then.1
Count:    1
Min:      14292975471
Median:   8003586
Mean:     7.14649e+09
Max:      14292975471
StdDev:  ±7.14649e+09
