s343-if.then.1
Count:    1
Min:      15102033224
Median:   8003586
Mean:     7.55102e+09
Max:      15102033224
StdDev:  ±7.55102e+09
