kernel_gesummv_StrictFP-for.body5
Count:    1
Min:      127405000
Median:   8000017
Mean:     6.37025e+07
Max:      127405000
StdDev:  ±6.37025e+07
