kernel_gesummv_StrictFP-for.body5
Count:    1
Min:      126445000
Median:   8000017
Mean:     6.32225e+07
Max:      126445000
StdDev:  ±6.32225e+07
