kernel_gesummv_StrictFP-for.body5
Count:    1
Min:      126439000
Median:   8000017
Mean:     6.32195e+07
Max:      126439000
StdDev:  ±6.32195e+07
