kernel_gesummv_StrictFP-for.body5
Count:    1
Min:      135813000
Median:   8000017
Mean:     6.79065e+07
Max:      135813000
StdDev:  ±6.79065e+07
