kernel_gesummv_StrictFP-for.body5
Count:    1
Min:      135785000
Median:   8000017
Mean:     6.78925e+07
Max:      135785000
StdDev:  ±6.78925e+07
