kernel_gesummv_StrictFP-for.body5
Count:    1
Min:      126223000
Median:   8000017
Mean:     6.31115e+07
Max:      126223000
StdDev:  ±6.31115e+07
