kernel_gesummv_StrictFP-for.body5
Count:    1
Min:      126139000
Median:   8000017
Mean:     6.30695e+07
Max:      126139000
StdDev:  ±6.30695e+07
