kernel_gesummv_StrictFP-for.body5
Count:    1
Min:      129025000
Median:   8000017
Mean:     6.45125e+07
Max:      129025000
StdDev:  ±6.45125e+07
