kernel_gesummv_StrictFP-for.body5
Count:    1
Min:      142195000
Median:   8000017
Mean:     7.10975e+07
Max:      142195000
StdDev:  ±7.10975e+07
