crc32file-while.body
Count:    1
Min:      602126947
Median:   8003586
Mean:     3.01063e+08
Max:      602126947
StdDev:  ±3.01063e+08
