crc32file-while.body
Count:    1
Min:      566548575
Median:   8003586
Mean:     2.83274e+08
Max:      566548575
StdDev:  ±2.83274e+08
