crc32file-while.body
Count:    1
Min:      566092479
Median:   8003586
Mean:     2.83046e+08
Max:      566092479
StdDev:  ±2.83046e+08
