crc32file-while.body
Count:    1
Min:      563677564
Median:   8003586
Mean:     2.81839e+08
Max:      563677564
StdDev:  ±2.81839e+08
