crc32file-while.body
Count:    1
Min:      563258078
Median:   8003586
Mean:     2.81629e+08
Max:      563258078
StdDev:  ±2.81629e+08
