crc32file-while.body
Count:    1
Min:      1199637465
Median:   8003586
Mean:     5.99819e+08
Max:      1199637465
StdDev:  ±5.99819e+08
