TreeAlloc-if.else
Count:    1
Min:      1127284238
Median:   8003586
Mean:     5.63642e+08
Max:      1127284238
StdDev:  ±5.63642e+08
