TreeAlloc-if.else
Count:    1
Min:      1132785535
Median:   8003586
Mean:     5.66393e+08
Max:      1132785535
StdDev:  ±5.66393e+08
