TreeAlloc-if.else
Count:    1
Min:      1135946859
Median:   8003586
Mean:     5.67973e+08
Max:      1135946859
StdDev:  ±5.67973e+08
