TreeAlloc-if.else
Count:    1
Min:      1128590904
Median:   8003586
Mean:     5.64295e+08
Max:      1128590904
StdDev:  ±5.64295e+08
