TreeAlloc-if.else
Count:    1
Min:      1132697453
Median:   8003586
Mean:     5.66349e+08
Max:      1132697453
StdDev:  ±5.66349e+08
