TreeAlloc-if.else
Count:    1
Min:      1132515104
Median:   8003586
Mean:     5.66258e+08
Max:      1132515104
StdDev:  ±5.66258e+08
