TreeAlloc-if.else
Count:    1
Min:      1123798996
Median:   8003586
Mean:     5.61899e+08
Max:      1123798996
StdDev:  ±5.61899e+08
