TreeAlloc-if.else
Count:    1
Min:      1130446763
Median:   8003586
Mean:     5.65223e+08
Max:      1130446763
StdDev:  ±5.65223e+08
