kernel_syrk_StrictFP-for.body17
Count:    1
Min:      3311955000
Median:   8000017
Mean:     1.65598e+09
Max:      3311955000
StdDev:  ±1.65598e+09
