kernel_syrk_StrictFP-for.body17
Count:    1
Min:      3281871000
Median:   8000017
Mean:     1.64094e+09
Max:      3281871000
StdDev:  ±1.64094e+09
