kernel_syrk_StrictFP-for.body17
Count:    1
Min:      3282189000
Median:   8000017
Mean:     1.64109e+09
Max:      3282189000
StdDev:  ±1.64109e+09
