kernel_syrk_StrictFP-for.body17
Count:    1
Min:      3267090000
Median:   8000017
Mean:     1.63354e+09
Max:      3267090000
StdDev:  ±1.63354e+09
