kernel_syrk_StrictFP-for.body17
Count:    1
Min:      3242034000
Median:   8000017
Mean:     1.62102e+09
Max:      3242034000
StdDev:  ±1.62102e+09
