kernel_syrk_StrictFP-for.body17
Count:    1
Min:      3283068000
Median:   8000017
Mean:     1.64153e+09
Max:      3283068000
StdDev:  ±1.64153e+09
