kernel_syrk_StrictFP-for.body17
Count:    1
Min:      3282687000
Median:   8000017
Mean:     1.64134e+09
Max:      3282687000
StdDev:  ±1.64134e+09
