kernel_syrk_StrictFP-for.body17
Count:    1
Min:      3311917000
Median:   8000017
Mean:     1.65596e+09
Max:      3311917000
StdDev:  ±1.65596e+09
