kernel_syrk_StrictFP-for.body17
Count:    1
Min:      3312958000
Median:   8000017
Mean:     1.65648e+09
Max:      3312958000
StdDev:  ±1.65648e+09
