kernel_syrk_StrictFP-for.body17
Count:    1
Min:      3311904000
Median:   8000017
Mean:     1.65595e+09
Max:      3311904000
StdDev:  ±1.65595e+09
