kernel_syrk_StrictFP-for.body17
Count:    1
Min:      3267178000
Median:   8000017
Mean:     1.63359e+09
Max:      3267178000
StdDev:  ±1.63359e+09
