kernel_syrk_StrictFP-for.body17
Count:    1
Min:      3274233000
Median:   8000017
Mean:     1.63712e+09
Max:      3274233000
StdDev:  ±1.63712e+09
