kernel_syrk_StrictFP-for.body17
Count:    1
Min:      3274760000
Median:   8000017
Mean:     1.63738e+09
Max:      3274760000
StdDev:  ±1.63738e+09
