kernel_syrk_StrictFP-for.body17
Count:    1
Min:      3240784000
Median:   8000017
Mean:     1.62039e+09
Max:      3240784000
StdDev:  ±1.62039e+09
