kernel_reg_detect_StrictFP-vector.body160
Count:    1
Min:      32247000
Median:   8000017
Mean:     1.61235e+07
Max:      32247000
StdDev:  ±1.61235e+07
