s276-for.body3
Count:    1
Min:      1431626000
Median:   8000017
Mean:     7.15813e+08
Max:      1431626000
StdDev:  ±7.15813e+08
