s276-for.body3
Count:    1
Min:      1533357000
Median:   8000017
Mean:     7.66678e+08
Max:      1533357000
StdDev:  ±7.66678e+08
