s276-for.body3
Count:    1
Min:      1532936000
Median:   8000017
Mean:     7.66468e+08
Max:      1532936000
StdDev:  ±7.66468e+08
