s276-for.body3
Count:    1
Min:      1539411000
Median:   8000017
Mean:     7.69706e+08
Max:      1539411000
StdDev:  ±7.69706e+08
