s276-for.body3
Count:    1
Min:      1539293000
Median:   8000017
Mean:     7.69646e+08
Max:      1539293000
StdDev:  ±7.69646e+08
