s276-for.body3
Count:    1
Min:      1539656000
Median:   8000017
Mean:     7.69828e+08
Max:      1539656000
StdDev:  ±7.69828e+08
