s276-for.body3
Count:    1
Min:      1497864000
Median:   8000017
Mean:     7.48932e+08
Max:      1497864000
StdDev:  ±7.48932e+08
