s276-for.body3
Count:    1
Min:      1497611000
Median:   8000017
Mean:     7.48806e+08
Max:      1497611000
StdDev:  ±7.48806e+08
