s276-for.body3
Count:    1
Min:      1476478000
Median:   8000017
Mean:     7.38239e+08
Max:      1476478000
StdDev:  ±7.38239e+08
