s276-for.body3
Count:    1
Min:      1481592000
Median:   8000017
Mean:     7.40796e+08
Max:      1481592000
StdDev:  ±7.40796e+08
