mm_inner-for.body8.us
Count:    4096
Min:      5665737
Median:   9909924
Mean:     9.99263e+06
Max:      18666159
StdDev:  ±4.17121e+06
