mm_inner-for.body8.us
Count:    4096
Min:      5525209
Median:   5997545
Mean:     8.56346e+06
Max:      21924644
StdDev:  ±4.69938e+06
