mm_inner-for.body8.us
Count:    4096
Min:      5696438
Median:   6250911
Mean:     8.93398e+06
Max:      19761264
StdDev:  ±4.26029e+06
