mm_inner-for.body8.us
Count:    4096
Min:      5681344
Median:   8616311
Mean:     9.44312e+06
Max:      16107632
StdDev:  ±3.48512e+06
