mm_inner-for.body8.us
Count:    4096
Min:      5610594
Median:   6013142
Mean:     9.08976e+06
Max:      18223790
StdDev:  ±4.01495e+06
