mm_inner-for.body8.us
Count:    4096
Min:      5712505
Median:   6063387
Mean:     8.81907e+06
Max:      17250431
StdDev:  ±3.81052e+06
