mm_inner-for.body8.us
Count:    4096
Min:      5707395
Median:   6234473
Mean:     8.95594e+06
Max:      18711076
StdDev:  ±4.19426e+06
