mm_inner-for.body8.us
Count:    4096
Min:      5738026
Median:   6206773
Mean:     9.05197e+06
Max:      17063353
StdDev:  ±4.02216e+06
