mm_inner-for.body8.us
Count:    4096
Min:      5471879
Median:   6294685
Mean:     8.92546e+06
Max:      17147660
StdDev:  ±3.96682e+06
