s4114-for.body3.us
Count:    1
Min:      7275012362
Median:   8003586
Mean:     3.63751e+09
Max:      7275012362
StdDev:  ±3.63751e+09
