s4114-for.body3.us
Count:    1
Min:      7386336853
Median:   8003586
Mean:     3.69317e+09
Max:      7386336853
StdDev:  ±3.69317e+09
