s4114-for.body3.us
Count:    1
Min:      7319472772
Median:   8003586
Mean:     3.65974e+09
Max:      7319472772
StdDev:  ±3.65974e+09
