s4114-for.body3.us
Count:    1
Min:      7305524183
Median:   8003586
Mean:     3.65276e+09
Max:      7305524183
StdDev:  ±3.65276e+09
