s4114-for.body3.us
Count:    1
Min:      7568288481
Median:   8003586
Mean:     3.78414e+09
Max:      7568288481
StdDev:  ±3.78414e+09
