s4114-for.body3.us
Count:    1
Min:      7695775764
Median:   8003586
Mean:     3.84789e+09
Max:      7695775764
StdDev:  ±3.84789e+09
