s4114-for.body3.us
Count:    1
Min:      7432493909
Median:   8003586
Mean:     3.71625e+09
Max:      7432493909
StdDev:  ±3.71625e+09
