s4114-for.body3.us
Count:    1
Min:      7262688768
Median:   8003586
Mean:     3.63134e+09
Max:      7262688768
StdDev:  ±3.63134e+09
