s4114-for.body3.us
Count:    1
Min:      7721781973
Median:   8003586
Mean:     3.86089e+09
Max:      7721781973
StdDev:  ±3.86089e+09
