s4114-for.body3.us
Count:    1
Min:      7273663175
Median:   8003586
Mean:     3.63683e+09
Max:      7273663175
StdDev:  ±3.63683e+09
