s4114-for.body3.us
Count:    1
Min:      7275984933
Median:   8003586
Mean:     3.63799e+09
Max:      7275984933
StdDev:  ±3.63799e+09
