s4114-for.body3.us
Count:    1
Min:      7885227339
Median:   8003586
Mean:     3.94261e+09
Max:      7885227339
StdDev:  ±3.94261e+09
