s4114-for.body3.us
Count:    1
Min:      7986905215
Median:   8003586
Mean:     3.99345e+09
Max:      7986905215
StdDev:  ±3.99345e+09
