s4114-for.body3.us
Count:    1
Min:      7542383364
Median:   8003586
Mean:     3.77119e+09
Max:      7542383364
StdDev:  ±3.77119e+09
