s4114-for.body3.us
Count:    1
Min:      7640127408
Median:   8003586
Mean:     3.82006e+09
Max:      7640127408
StdDev:  ±3.82006e+09
