s4114-for.body3.us
Count:    1
Min:      7720039687
Median:   8003586
Mean:     3.86002e+09
Max:      7720039687
StdDev:  ±3.86002e+09
