s4114-for.body3.us
Count:    1
Min:      7578167803
Median:   8003586
Mean:     3.78908e+09
Max:      7578167803
StdDev:  ±3.78908e+09
