s173-vector.body
Count:    1
Min:      4076155231
Median:   8003586
Mean:     2.03808e+09
Max:      4076155231
StdDev:  ±2.03808e+09
