s173-vector.body
Count:    1
Min:      3844964501
Median:   8003586
Mean:     1.92248e+09
Max:      3844964501
StdDev:  ±1.92248e+09
