s173-vector.body
Count:    1
Min:      3843217505
Median:   8003586
Mean:     1.92161e+09
Max:      3843217505
StdDev:  ±1.92161e+09
