s173-vector.body
Count:    1
Min:      3806099493
Median:   8003586
Mean:     1.90305e+09
Max:      3806099493
StdDev:  ±1.90305e+09
