s173-vector.body
Count:    1
Min:      3843357714
Median:   8003586
Mean:     1.92168e+09
Max:      3843357714
StdDev:  ±1.92168e+09
