s173-vector.body
Count:    1
Min:      4079716161
Median:   8003586
Mean:     2.03986e+09
Max:      4079716161
StdDev:  ±2.03986e+09
