s173-vector.body
Count:    1
Min:      4079153583
Median:   8003586
Mean:     2.03958e+09
Max:      4079153583
StdDev:  ±2.03958e+09
