s173-vector.body
Count:    1
Min:      4360437450
Median:   8003586
Mean:     2.18022e+09
Max:      4360437450
StdDev:  ±2.18022e+09
