s173-vector.body
Count:    1
Min:      3803533394
Median:   8003586
Mean:     1.90177e+09
Max:      3803533394
StdDev:  ±1.90177e+09
