s173-vector.body
Count:    1
Min:      3806544808
Median:   8003586
Mean:     1.90327e+09
Max:      3806544808
StdDev:  ±1.90327e+09
