s173-vector.body
Count:    1
Min:      4076303347
Median:   8003586
Mean:     2.03815e+09
Max:      4076303347
StdDev:  ±2.03815e+09
