s173-vector.body
Count:    1
Min:      4077053516
Median:   8003586
Mean:     2.03853e+09
Max:      4077053516
StdDev:  ±2.03853e+09
