s173-vector.body
Count:    1
Min:      4082503902
Median:   8003586
Mean:     2.04125e+09
Max:      4082503902
StdDev:  ±2.04125e+09
