s244-for.body3
Count:    1
Min:      11350148449
Median:   8003586
Mean:     5.67507e+09
Max:      11350148449
StdDev:  ±5.67507e+09
