s244-for.body3
Count:    1
Min:      11209533303
Median:   8003586
Mean:     5.60477e+09
Max:      11209533303
StdDev:  ±5.60477e+09
