s244-for.body3
Count:    1
Min:      11372300160
Median:   8003586
Mean:     5.68615e+09
Max:      11372300160
StdDev:  ±5.68615e+09
