s244-for.body3
Count:    1
Min:      11067588381
Median:   8003586
Mean:     5.53379e+09
Max:      11067588381
StdDev:  ±5.53379e+09
