s244-for.body3
Count:    1
Min:      11345559973
Median:   8003586
Mean:     5.67278e+09
Max:      11345559973
StdDev:  ±5.67278e+09
