s244-for.body3
Count:    1
Min:      11364496201
Median:   8003586
Mean:     5.68225e+09
Max:      11364496201
StdDev:  ±5.68225e+09
