kernel_symm_StrictFP-for.body6
Count:    1
Min:      201764422439
Median:   8003586
Mean:     1.00882e+11
Max:      201764422439
StdDev:  ±1.00882e+11
