kernel_symm_StrictFP-for.body6
Count:    1
Min:      259650938058
Median:   8003586
Mean:     1.29825e+11
Max:      259650938058
StdDev:  ±1.29825e+11
