kernel_symm_StrictFP-for.body6
Count:    1
Min:      264078590459
Median:   8003586
Mean:     1.32039e+11
Max:      264078590459
StdDev:  ±1.32039e+11
