kernel_symm_StrictFP-for.body6
Count:    1
Min:      205867142804
Median:   8003586
Mean:     1.02934e+11
Max:      205867142804
StdDev:  ±1.02934e+11
