kernel_symm_StrictFP-for.body6
Count:    1
Min:      205650940686
Median:   8003586
Mean:     1.02825e+11
Max:      205650940686
StdDev:  ±1.02825e+11
