kernel_symm_StrictFP-for.body6
Count:    1
Min:      200365997413
Median:   8003586
Mean:     1.00183e+11
Max:      200365997413
StdDev:  ±1.00183e+11
