kernel_symm_StrictFP-for.body6
Count:    1
Min:      202103515300
Median:   8003586
Mean:     1.01052e+11
Max:      202103515300
StdDev:  ±1.01052e+11
