kernel_symm_StrictFP-for.body6
Count:    1
Min:      203827775921
Median:   8003586
Mean:     1.01914e+11
Max:      203827775921
StdDev:  ±1.01914e+11
