kernel_symm_StrictFP-for.body6
Count:    1
Min:      264722653838
Median:   8003586
Mean:     1.32361e+11
Max:      264722653838
StdDev:  ±1.32361e+11
