kernel_symm_StrictFP-for.body6
Count:    1
Min:      264835887350
Median:   8003586
Mean:     1.32418e+11
Max:      264835887350
StdDev:  ±1.32418e+11
