kernel_symm_StrictFP-for.body6
Count:    1
Min:      195333161118
Median:   8003586
Mean:     9.76666e+10
Max:      195333161118
StdDev:  ±9.76666e+10
