kernel_symm_StrictFP-for.body6
Count:    1
Min:      262805641018
Median:   8003586
Mean:     1.31403e+11
Max:      262805641018
StdDev:  ±1.31403e+11
