kernel_symm_StrictFP-for.body6
Count:    1
Min:      263450765149
Median:   8003586
Mean:     1.31725e+11
Max:      263450765149
StdDev:  ±1.31725e+11
