s235-for.body11
Count:    1
Min:      15679097405
Median:   8003586
Mean:     7.83955e+09
Max:      15679097405
StdDev:  ±7.83955e+09
