s235-for.body11
Count:    1
Min:      14431450457
Median:   8003586
Mean:     7.21573e+09
Max:      14431450457
StdDev:  ±7.21573e+09
