s235-for.body11
Count:    1
Min:      13687492870
Median:   8003586
Mean:     6.84375e+09
Max:      13687492870
StdDev:  ±6.84375e+09
