jacobi-for.body11
Count:    1
Min:      18082232000
Median:   8000017
Mean:     9.04112e+09
Max:      18082232000
StdDev:  ±9.04112e+09
