jacobi-for.body11
Count:    1
Min:      18083122000
Median:   8000017
Mean:     9.04156e+09
Max:      18083122000
StdDev:  ±9.04156e+09
