jacobi-for.body11
Count:    1
Min:      18076441000
Median:   8000017
Mean:     9.03822e+09
Max:      18076441000
StdDev:  ±9.03822e+09
