jacobi-for.body11
Count:    1
Min:      18077249000
Median:   8000017
Mean:     9.03862e+09
Max:      18077249000
StdDev:  ±9.03862e+09
