jacobi-for.body11
Count:    1
Min:      17955084000
Median:   8000017
Mean:     8.97754e+09
Max:      17955084000
StdDev:  ±8.97754e+09
