jacobi-for.body11
Count:    1
Min:      18330763000
Median:   8000017
Mean:     9.16538e+09
Max:      18330763000
StdDev:  ±9.16538e+09
