jacobi-for.body11
Count:    1
Min:      18503952000
Median:   8000017
Mean:     9.25198e+09
Max:      18503952000
StdDev:  ±9.25198e+09
