jacobi-for.body11
Count:    1
Min:      18100572000
Median:   8000017
Mean:     9.05029e+09
Max:      18100572000
StdDev:  ±9.05029e+09
