jacobi-for.body11
Count:    1
Min:      18099389000
Median:   8000017
Mean:     9.04969e+09
Max:      18099389000
StdDev:  ±9.04969e+09
