jacobi-for.body11
Count:    1
Min:      17985317000
Median:   8000017
Mean:     8.99266e+09
Max:      17985317000
StdDev:  ±8.99266e+09
