jacobi-for.body11
Count:    1
Min:      17986664000
Median:   8000017
Mean:     8.99333e+09
Max:      17986664000
StdDev:  ±8.99333e+09
