jacobi-for.body11
Count:    1
Min:      18383344000
Median:   8000017
Mean:     9.19167e+09
Max:      18383344000
StdDev:  ±9.19167e+09
