jacobi-for.body11
Count:    1
Min:      18381376000
Median:   8000017
Mean:     9.19069e+09
Max:      18381376000
StdDev:  ±9.19069e+09
