jacobi-for.body11
Count:    1
Min:      18106744000
Median:   8000017
Mean:     9.05337e+09
Max:      18106744000
StdDev:  ±9.05337e+09
