kernel_bicg_StrictFP-for.body8
Count:    1
Min:      375754459
Median:   8003586
Mean:     1.87877e+08
Max:      375754459
StdDev:  ±1.87877e+08
