kernel_bicg_StrictFP-for.body8
Count:    1
Min:      375322919
Median:   8003586
Mean:     1.87661e+08
Max:      375322919
StdDev:  ±1.87661e+08
