kernel_bicg_StrictFP-for.body8
Count:    1
Min:      375381472
Median:   8003586
Mean:     1.87691e+08
Max:      375381472
StdDev:  ±1.87691e+08
