kernel_bicg_StrictFP-for.body8
Count:    1
Min:      374927081
Median:   8003586
Mean:     1.87464e+08
Max:      374927081
StdDev:  ±1.87464e+08
