kernel_bicg_StrictFP-for.body8
Count:    1
Min:      375068848
Median:   8003586
Mean:     1.87534e+08
Max:      375068848
StdDev:  ±1.87534e+08
