kernel_bicg_StrictFP-for.body8
Count:    1
Min:      375408650
Median:   8003586
Mean:     1.87704e+08
Max:      375408650
StdDev:  ±1.87704e+08
