s127-for.body3
Count:    1
Min:      7651509880
Median:   8003586
Mean:     3.82575e+09
Max:      7651509880
StdDev:  ±3.82575e+09
