s127-for.body3
Count:    1
Min:      8116551403
Median:   8003586
Mean:     4.05828e+09
Max:      8116551403
StdDev:  ±4.05828e+09
