s127-for.body3
Count:    1
Min:      8118905780
Median:   8003586
Mean:     4.05945e+09
Max:      8118905780
StdDev:  ±4.05945e+09
