kernel_atax_StrictFP-for.body8
Count:    1
Min:      279031607
Median:   8003586
Mean:     1.39516e+08
Max:      279031607
StdDev:  ±1.39516e+08
