kernel_atax_StrictFP-for.body8
Count:    1
Min:      279868605
Median:   8003586
Mean:     1.39934e+08
Max:      279868605
StdDev:  ±1.39934e+08
