kernel_atax_StrictFP-for.body8
Count:    1
Min:      278987257
Median:   8003586
Mean:     1.39494e+08
Max:      278987257
StdDev:  ±1.39494e+08
