kernel_atax_StrictFP-for.body8
Count:    1
Min:      279267807
Median:   8003586
Mean:     1.39634e+08
Max:      279267807
StdDev:  ±1.39634e+08
