kernel_atax_StrictFP-for.body8
Count:    1
Min:      279278715
Median:   8003586
Mean:     1.39639e+08
Max:      279278715
StdDev:  ±1.39639e+08
