kernel_atax_StrictFP-for.body8
Count:    1
Min:      279009760
Median:   8003586
Mean:     1.39505e+08
Max:      279009760
StdDev:  ±1.39505e+08
