kernel_atax_StrictFP-for.body8
Count:    1
Min:      279526109
Median:   8003586
Mean:     1.39763e+08
Max:      279526109
StdDev:  ±1.39763e+08
