kernel_atax_StrictFP-for.body8
Count:    1
Min:      279037447
Median:   8003586
Mean:     1.39519e+08
Max:      279037447
StdDev:  ±1.39519e+08
