kernel_atax_StrictFP-for.body8
Count:    1
Min:      279142101
Median:   8003586
Mean:     1.39571e+08
Max:      279142101
StdDev:  ±1.39571e+08
