kernel_atax_StrictFP-for.body8
Count:    1
Min:      278795913
Median:   8003586
Mean:     1.39398e+08
Max:      278795913
StdDev:  ±1.39398e+08
