main-for.body
Count:    1
Min:      349410196
Median:   8003586
Mean:     1.74705e+08
Max:      349410196
StdDev:  ±1.74705e+08
