main-for.body
Count:    1
Min:      348890216
Median:   8003586
Mean:     1.74445e+08
Max:      348890216
StdDev:  ±1.74445e+08
