main-for.body
Count:    1
Min:      348675150
Median:   8003586
Mean:     1.74338e+08
Max:      348675150
StdDev:  ±1.74338e+08
