main-for.body
Count:    1
Min:      346310257
Median:   8003586
Mean:     1.73155e+08
Max:      346310257
StdDev:  ±1.73155e+08
