main-for.body
Count:    1
Min:      346021930
Median:   8003586
Mean:     1.73011e+08
Max:      346021930
StdDev:  ±1.73011e+08
