main-for.body
Count:    1
Min:      350274779
Median:   8003586
Mean:     1.75137e+08
Max:      350274779
StdDev:  ±1.75137e+08
