main-for.body
Count:    1
Min:      349397685
Median:   8003586
Mean:     1.74699e+08
Max:      349397685
StdDev:  ±1.74699e+08
