main-for.body
Count:    1
Min:      349677273
Median:   8003586
Mean:     1.74839e+08
Max:      349677273
StdDev:  ±1.74839e+08
