main-for.body
Count:    1
Min:      347577045
Median:   8003586
Mean:     1.73789e+08
Max:      347577045
StdDev:  ±1.73789e+08
