main-for.body
Count:    1
Min:      12396782718
Median:   8003586
Mean:     6.19839e+09
Max:      12396782718
StdDev:  ±6.19839e+09
