main-for.body
Count:    1
Min:      12395439884
Median:   8003586
Mean:     6.19772e+09
Max:      12395439884
StdDev:  ±6.19772e+09
