main-for.body
Count:    1
Min:      12401331920
Median:   8003586
Mean:     6.20067e+09
Max:      12401331920
StdDev:  ±6.20067e+09
