main-for.body
Count:    1
Min:      12398652570
Median:   8003586
Mean:     6.19933e+09
Max:      12398652570
StdDev:  ±6.19933e+09
