main-for.body
Count:    1
Min:      12397821431
Median:   8003586
Mean:     6.19891e+09
Max:      12397821431
StdDev:  ±6.19891e+09
