main-for.body
Count:    1
Min:      12401186222
Median:   8003586
Mean:     6.20059e+09
Max:      12401186222
StdDev:  ±6.20059e+09
