main-for.body
Count:    1
Min:      12404059297
Median:   8003586
Mean:     6.20203e+09
Max:      12404059297
StdDev:  ±6.20203e+09
