main-for.body
Count:    1
Min:      12399294501
Median:   8003586
Mean:     6.19965e+09
Max:      12399294501
StdDev:  ±6.19965e+09
