main-for.body
Count:    1
Min:      12399353127
Median:   8003586
Mean:     6.19968e+09
Max:      12399353127
StdDev:  ±6.19968e+09
