main-for.body
Count:    1
Min:      12399118306
Median:   8003586
Mean:     6.19956e+09
Max:      12399118306
StdDev:  ±6.19956e+09
