main-for.body
Count:    1
Min:      12396670834
Median:   8003586
Mean:     6.19834e+09
Max:      12396670834
StdDev:  ±6.19834e+09
