benchmark_heapsort-land.lhs.true
Count:    1
Min:      6178246000
Median:   8000017
Mean:     3.08912e+09
Max:      6178246000
StdDev:  ±3.08912e+09
