benchmark_heapsort-land.lhs.true
Count:    1
Min:      6082637000
Median:   8000017
Mean:     3.04132e+09
Max:      6082637000
StdDev:  ±3.04132e+09
