benchmark_heapsort-land.lhs.true
Count:    1
Min:      6093108000
Median:   8000017
Mean:     3.04655e+09
Max:      6093108000
StdDev:  ±3.04655e+09
