benchmark_heapsort-land.lhs.true
Count:    1
Min:      6091565000
Median:   8000017
Mean:     3.04578e+09
Max:      6091565000
StdDev:  ±3.04578e+09
