benchmark_heapsort-land.lhs.true
Count:    1
Min:      6082228000
Median:   8000017
Mean:     3.04111e+09
Max:      6082228000
StdDev:  ±3.04111e+09
