benchmark_heapsort-land.lhs.true
Count:    1
Min:      6085454000
Median:   8000017
Mean:     3.04273e+09
Max:      6085454000
StdDev:  ±3.04273e+09
