benchmark_heapsort-land.lhs.true
Count:    1
Min:      6041084000
Median:   8000017
Mean:     3.02054e+09
Max:      6041084000
StdDev:  ±3.02054e+09
