benchmark_heapsort-land.lhs.true
Count:    1
Min:      6037821000
Median:   8000017
Mean:     3.01891e+09
Max:      6037821000
StdDev:  ±3.01891e+09
