benchmark_heapsort-land.lhs.true
Count:    1
Min:      6040469000
Median:   8000017
Mean:     3.02023e+09
Max:      6040469000
StdDev:  ±3.02023e+09
