benchmark_heapsort-land.lhs.true
Count:    1
Min:      6036071000
Median:   8000017
Mean:     3.01804e+09
Max:      6036071000
StdDev:  ±3.01804e+09
