benchmark_heapsort-land.lhs.true
Count:    1
Min:      6033544000
Median:   8000017
Mean:     3.01677e+09
Max:      6033544000
StdDev:  ±3.01677e+09
