benchmark_heapsort-land.lhs.true
Count:    1
Min:      6031276000
Median:   8000017
Mean:     3.01564e+09
Max:      6031276000
StdDev:  ±3.01564e+09
