benchmark_heapsort-land.lhs.true
Count:    1
Min:      6075929000
Median:   8000017
Mean:     3.03796e+09
Max:      6075929000
StdDev:  ±3.03796e+09
