benchmark_heapsort-land.lhs.true
Count:    1
Min:      6029930000
Median:   8000017
Mean:     3.01496e+09
Max:      6029930000
StdDev:  ±3.01496e+09
