s1281-vector.body
Count:    1
Min:      9479442008
Median:   8003586
Mean:     4.73972e+09
Max:      9479442008
StdDev:  ±4.73972e+09
