s1281-vector.body
Count:    1
Min:      9891469143
Median:   8003586
Mean:     4.94573e+09
Max:      9891469143
StdDev:  ±4.94573e+09
