s1281-vector.body
Count:    1
Min:      9603114549
Median:   8003586
Mean:     4.80156e+09
Max:      9603114549
StdDev:  ±4.80156e+09
