s1281-vector.body
Count:    1
Min:      10072951364
Median:   8003586
Mean:     5.03648e+09
Max:      10072951364
StdDev:  ±5.03648e+09
