s1281-vector.body
Count:    1
Min:      9219763191
Median:   8003586
Mean:     4.60988e+09
Max:      9219763191
StdDev:  ±4.60988e+09
