s1281-vector.body
Count:    1
Min:      9445500403
Median:   8003586
Mean:     4.72275e+09
Max:      9445500403
StdDev:  ±4.72275e+09
