s1281-vector.body
Count:    1
Min:      9794463343
Median:   8003586
Mean:     4.89723e+09
Max:      9794463343
StdDev:  ±4.89723e+09
