s1281-vector.body
Count:    1
Min:      9381542480
Median:   8003586
Mean:     4.69077e+09
Max:      9381542480
StdDev:  ±4.69077e+09
