s1281-vector.body
Count:    1
Min:      9207056138
Median:   8003586
Mean:     4.60353e+09
Max:      9207056138
StdDev:  ±4.60353e+09
