s1281-vector.body
Count:    1
Min:      9272739763
Median:   8003586
Mean:     4.63637e+09
Max:      9272739763
StdDev:  ±4.63637e+09
