s1281-vector.body
Count:    1
Min:      8928584918
Median:   8003586
Mean:     4.46429e+09
Max:      8928584918
StdDev:  ±4.46429e+09
