s1281-vector.body
Count:    1
Min:      8993080321
Median:   8003586
Mean:     4.49654e+09
Max:      8993080321
StdDev:  ±4.49654e+09
