kernel_mvt_StrictFP-for.body3
Count:    1
Min:      264172000
Median:   8000017
Mean:     1.32086e+08
Max:      264172000
StdDev:  ±1.32086e+08
