kernel_mvt_StrictFP-for.body3
Count:    1
Min:      262134000
Median:   8000017
Mean:     1.31067e+08
Max:      262134000
StdDev:  ±1.31067e+08
