kernel_mvt_StrictFP-for.body3
Count:    1
Min:      263368000
Median:   8000017
Mean:     1.31684e+08
Max:      263368000
StdDev:  ±1.31684e+08
