kernel_mvt_StrictFP-for.body3
Count:    1
Min:      261750000
Median:   8000017
Mean:     1.30875e+08
Max:      261750000
StdDev:  ±1.30875e+08
