kernel_mvt_StrictFP-for.body3
Count:    1
Min:      262386000
Median:   8000017
Mean:     1.31193e+08
Max:      262386000
StdDev:  ±1.31193e+08
