kernel_mvt_StrictFP-for.body3
Count:    1
Min:      262537000
Median:   8000017
Mean:     1.31268e+08
Max:      262537000
StdDev:  ±1.31268e+08
