kernel_mvt_StrictFP-for.body3
Count:    1
Min:      260471000
Median:   8000017
Mean:     1.30236e+08
Max:      260471000
StdDev:  ±1.30236e+08
