kernel_mvt_StrictFP-for.body3
Count:    1
Min:      264468000
Median:   8000017
Mean:     1.32234e+08
Max:      264468000
StdDev:  ±1.32234e+08
