kernel_mvt_StrictFP-for.body3
Count:    1
Min:      262558000
Median:   8000017
Mean:     1.31279e+08
Max:      262558000
StdDev:  ±1.31279e+08
