kernel_mvt_StrictFP-for.body3
Count:    1
Min:      262011000
Median:   8000017
Mean:     1.31006e+08
Max:      262011000
StdDev:  ±1.31006e+08
