kernel_mvt_StrictFP-for.body3
Count:    1
Min:      262133000
Median:   8000017
Mean:     1.31066e+08
Max:      262133000
StdDev:  ±1.31066e+08
