kernel_mvt_StrictFP-for.body3
Count:    1
Min:      261658000
Median:   8000017
Mean:     1.30829e+08
Max:      261658000
StdDev:  ±1.30829e+08
