kernel_mvt_StrictFP-for.body3
Count:    1
Min:      261551000
Median:   8000017
Mean:     1.30776e+08
Max:      261551000
StdDev:  ±1.30776e+08
