kernel_mvt_StrictFP-for.body3
Count:    1
Min:      258984000
Median:   8000017
Mean:     1.29492e+08
Max:      258984000
StdDev:  ±1.29492e+08
