kernel_mvt_StrictFP-for.body3
Count:    1
Min:      262833000
Median:   8000017
Mean:     1.31416e+08
Max:      262833000
StdDev:  ±1.31416e+08
