FindAnagram-while.body
Count:    560
Min:      36302
Median:   5865613
Mean:     4.35487e+06
Max:      6028528
StdDev:  ±1.66319e+06
