FindAnagram-while.body
Count:    560
Min:      36302
Median:   5859985
Mean:     4.35343e+06
Max:      6322741
StdDev:  ±1.66025e+06
