srad_kernel-for.body616
Count:    1
Min:      3748538000
Median:   8000017
Mean:     1.87427e+09
Max:      3748538000
StdDev:  ±1.87427e+09
