srad_kernel-for.body616
Count:    1
Min:      3769940000
Median:   8000017
Mean:     1.88497e+09
Max:      3769940000
StdDev:  ±1.88497e+09
