srad_kernel-for.body616
Count:    1
Min:      3770119000
Median:   8000017
Mean:     1.88506e+09
Max:      3770119000
StdDev:  ±1.88506e+09
