srad_kernel-for.body616
Count:    1
Min:      3776062000
Median:   8000017
Mean:     1.88803e+09
Max:      3776062000
StdDev:  ±1.88803e+09
