srad_kernel-for.body616
Count:    1
Min:      3776114000
Median:   8000017
Mean:     1.88806e+09
Max:      3776114000
StdDev:  ±1.88806e+09
