srad_kernel-for.body616
Count:    1
Min:      3887548000
Median:   8000017
Mean:     1.94377e+09
Max:      3887548000
StdDev:  ±1.94377e+09
