srad_kernel-for.body616
Count:    1
Min:      3887441000
Median:   8000017
Mean:     1.94372e+09
Max:      3887441000
StdDev:  ±1.94372e+09
