srad_kernel-for.body616
Count:    1
Min:      3905657000
Median:   8000017
Mean:     1.95283e+09
Max:      3905657000
StdDev:  ±1.95283e+09
