srad_kernel-for.body616
Count:    1
Min:      3905553000
Median:   8000017
Mean:     1.95278e+09
Max:      3905553000
StdDev:  ±1.95278e+09
