srad_kernel-for.body616
Count:    1
Min:      3900675000
Median:   8000017
Mean:     1.95034e+09
Max:      3900675000
StdDev:  ±1.95034e+09
