srad_kernel-for.body616
Count:    1
Min:      3900663000
Median:   8000017
Mean:     1.95033e+09
Max:      3900663000
StdDev:  ±1.95033e+09
