srad_kernel-for.body616
Count:    1
Min:      3761700000
Median:   8000017
Mean:     1.88085e+09
Max:      3761700000
StdDev:  ±1.88085e+09
