srad_kernel-for.body616
Count:    1
Min:      3761458000
Median:   8000017
Mean:     1.88073e+09
Max:      3761458000
StdDev:  ±1.88073e+09
