srad_kernel-for.body616
Count:    1
Min:      3773556000
Median:   8000017
Mean:     1.88678e+09
Max:      3773556000
StdDev:  ±1.88678e+09
