srad_kernel-for.body616
Count:    1
Min:      3789508000
Median:   8000017
Mean:     1.89475e+09
Max:      3789508000
StdDev:  ±1.89475e+09
