srad_kernel-for.body616
Count:    1
Min:      3789229000
Median:   8000017
Mean:     1.89461e+09
Max:      3789229000
StdDev:  ±1.89461e+09
