srad_kernel-for.body616
Count:    1
Min:      3732274000
Median:   8000017
Mean:     1.86614e+09
Max:      3732274000
StdDev:  ±1.86614e+09
