srad_kernel-for.body616
Count:    1
Min:      3768965000
Median:   8000017
Mean:     1.88448e+09
Max:      3768965000
StdDev:  ±1.88448e+09
