s312-for.body3
Count:    1
Min:      1567490750
Median:   8003586
Mean:     7.83745e+08
Max:      1567490750
StdDev:  ±7.83745e+08
