s312-for.body3
Count:    1
Min:      1566866759
Median:   8003586
Mean:     7.83433e+08
Max:      1566866759
StdDev:  ±7.83433e+08
