s312-for.body3
Count:    1
Min:      1566758790
Median:   8003586
Mean:     7.83379e+08
Max:      1566758790
StdDev:  ±7.83379e+08
