s312-for.body3
Count:    1
Min:      1566430767
Median:   8003586
Mean:     7.83215e+08
Max:      1566430767
StdDev:  ±7.83215e+08
