s312-for.body3
Count:    1
Min:      1566804029
Median:   8003586
Mean:     7.83402e+08
Max:      1566804029
StdDev:  ±7.83402e+08
