s312-for.body3
Count:    1
Min:      1566570240
Median:   8003586
Mean:     7.83285e+08
Max:      1566570240
StdDev:  ±7.83285e+08
