s312-for.body3
Count:    1
Min:      1566931552
Median:   8003586
Mean:     7.83466e+08
Max:      1566931552
StdDev:  ±7.83466e+08
