s312-for.body3
Count:    1
Min:      1568141043
Median:   8003586
Mean:     7.84071e+08
Max:      1568141043
StdDev:  ±7.84071e+08
