s312-for.body3
Count:    1
Min:      1566824349
Median:   8003586
Mean:     7.83412e+08
Max:      1566824349
StdDev:  ±7.83412e+08
