s312-for.body3
Count:    1
Min:      1566536839
Median:   8003586
Mean:     7.83268e+08
Max:      1566536839
StdDev:  ±7.83268e+08
