s312-for.body3
Count:    1
Min:      1566709398
Median:   8003586
Mean:     7.83355e+08
Max:      1566709398
StdDev:  ±7.83355e+08
