s312-for.body3
Count:    1
Min:      1566514887
Median:   8003586
Mean:     7.83257e+08
Max:      1566514887
StdDev:  ±7.83257e+08
