s312-for.body3
Count:    1
Min:      1567145594
Median:   8003586
Mean:     7.83573e+08
Max:      1567145594
StdDev:  ±7.83573e+08
