s312-for.body3
Count:    1
Min:      1566871901
Median:   8003586
Mean:     7.83436e+08
Max:      1566871901
StdDev:  ±7.83436e+08
