s312-for.body3
Count:    1
Min:      1566934654
Median:   8003586
Mean:     7.83467e+08
Max:      1566934654
StdDev:  ±7.83467e+08
