s352-for.body3
Count:    1
Min:      6969917343
Median:   8003586
Mean:     3.48496e+09
Max:      6969917343
StdDev:  ±3.48496e+09
