s352-for.body3
Count:    1
Min:      6219464854
Median:   8003586
Mean:     3.10973e+09
Max:      6219464854
StdDev:  ±3.10973e+09
