s352-for.body3
Count:    1
Min:      6329567403
Median:   8003586
Mean:     3.16478e+09
Max:      6329567403
StdDev:  ±3.16478e+09
