s352-for.body3
Count:    1
Min:      6136938978
Median:   8003586
Mean:     3.06847e+09
Max:      6136938978
StdDev:  ±3.06847e+09
