s352-for.body3
Count:    1
Min:      6802319246
Median:   8003586
Mean:     3.40116e+09
Max:      6802319246
StdDev:  ±3.40116e+09
