s352-for.body3
Count:    1
Min:      7876027288
Median:   8003586
Mean:     3.93801e+09
Max:      7876027288
StdDev:  ±3.93801e+09
