s352-for.body3
Count:    1
Min:      6677341165
Median:   8003586
Mean:     3.33867e+09
Max:      6677341165
StdDev:  ±3.33867e+09
