s352-for.body3
Count:    1
Min:      8017475848
Median:   8003586
Mean:     4.00874e+09
Max:      8017475848
StdDev:  ±4.00874e+09
