s352-for.body3
Count:    1
Min:      6484042473
Median:   8003586
Mean:     3.24202e+09
Max:      6484042473
StdDev:  ±3.24202e+09
