s352-for.body3
Count:    1
Min:      8483532769
Median:   8003586
Mean:     4.24177e+09
Max:      8483532769
StdDev:  ±4.24177e+09
