s352-for.body3
Count:    1
Min:      7138277209
Median:   8003586
Mean:     3.56914e+09
Max:      7138277209
StdDev:  ±3.56914e+09
