s352-for.body3
Count:    1
Min:      7256539137
Median:   8003586
Mean:     3.62827e+09
Max:      7256539137
StdDev:  ±3.62827e+09
