s352-for.body3
Count:    1
Min:      7614436640
Median:   8003586
Mean:     3.80722e+09
Max:      7614436640
StdDev:  ±3.80722e+09
