s352-for.body3
Count:    1
Min:      7052045822
Median:   8003586
Mean:     3.52602e+09
Max:      7052045822
StdDev:  ±3.52602e+09
