s352-for.body3
Count:    1
Min:      7645110929
Median:   8003586
Mean:     3.82256e+09
Max:      7645110929
StdDev:  ±3.82256e+09
