s312-for.body3
Count:    1
Min:      1146456000
Median:   8000017
Mean:     5.73228e+08
Max:      1146456000
StdDev:  ±5.73228e+08
