s312-for.body3
Count:    1
Min:      1146444000
Median:   8000017
Mean:     5.73222e+08
Max:      1146444000
StdDev:  ±5.73222e+08
