s312-for.body3
Count:    1
Min:      1146425000
Median:   8000017
Mean:     5.73212e+08
Max:      1146425000
StdDev:  ±5.73212e+08
