s1251-vector.body
Count:    1
Min:      2938114000
Median:   8000017
Mean:     1.46906e+09
Max:      2938114000
StdDev:  ±1.46906e+09
