s1251-vector.body
Count:    1
Min:      2938173000
Median:   8000017
Mean:     1.46909e+09
Max:      2938173000
StdDev:  ±1.46909e+09
