s1251-vector.body
Count:    1
Min:      2922435000
Median:   8000017
Mean:     1.46122e+09
Max:      2922435000
StdDev:  ±1.46122e+09
