s1251-vector.body
Count:    1
Min:      2922425000
Median:   8000017
Mean:     1.46121e+09
Max:      2922425000
StdDev:  ±1.46121e+09
