s1251-vector.body
Count:    1
Min:      2920712000
Median:   8000017
Mean:     1.46036e+09
Max:      2920712000
StdDev:  ±1.46036e+09
