s1251-vector.body
Count:    1
Min:      2920753000
Median:   8000017
Mean:     1.46038e+09
Max:      2920753000
StdDev:  ±1.46038e+09
