s1251-vector.body
Count:    1
Min:      2923040000
Median:   8000017
Mean:     1.46152e+09
Max:      2923040000
StdDev:  ±1.46152e+09
