s1251-vector.body
Count:    1
Min:      2922903000
Median:   8000017
Mean:     1.46145e+09
Max:      2922903000
StdDev:  ±1.46145e+09
