s1251-vector.body
Count:    1
Min:      2909940000
Median:   8000017
Mean:     1.45497e+09
Max:      2909940000
StdDev:  ±1.45497e+09
