s1251-vector.body
Count:    1
Min:      2910045000
Median:   8000017
Mean:     1.45502e+09
Max:      2910045000
StdDev:  ±1.45502e+09
