s1251-vector.body
Count:    1
Min:      2938057000
Median:   8000017
Mean:     1.46903e+09
Max:      2938057000
StdDev:  ±1.46903e+09
