s1251-vector.body
Count:    1
Min:      2921667000
Median:   8000017
Mean:     1.46083e+09
Max:      2921667000
StdDev:  ±1.46083e+09
