s1251-vector.body
Count:    1
Min:      2921697000
Median:   8000017
Mean:     1.46085e+09
Max:      2921697000
StdDev:  ±1.46085e+09
