s1251-vector.body
Count:    1
Min:      2922170000
Median:   8000017
Mean:     1.46108e+09
Max:      2922170000
StdDev:  ±1.46108e+09
