s1251-vector.body
Count:    1
Min:      6208048844
Median:   8003586
Mean:     3.10402e+09
Max:      6208048844
StdDev:  ±3.10402e+09
