s1251-vector.body
Count:    1
Min:      5669926603
Median:   8003586
Mean:     2.83496e+09
Max:      5669926603
StdDev:  ±2.83496e+09
