s1251-vector.body
Count:    1
Min:      5617179399
Median:   8003586
Mean:     2.80859e+09
Max:      5617179399
StdDev:  ±2.80859e+09
