s1251-vector.body
Count:    1
Min:      6485181063
Median:   8003586
Mean:     3.24259e+09
Max:      6485181063
StdDev:  ±3.24259e+09
