s1251-vector.body
Count:    1
Min:      5712322080
Median:   8003586
Mean:     2.85616e+09
Max:      5712322080
StdDev:  ±2.85616e+09
