s1251-vector.body
Count:    1
Min:      6155879839
Median:   8003586
Mean:     3.07794e+09
Max:      6155879839
StdDev:  ±3.07794e+09
