s1251-vector.body
Count:    1
Min:      5948461122
Median:   8003586
Mean:     2.97423e+09
Max:      5948461122
StdDev:  ±2.97423e+09
