s1251-vector.body
Count:    1
Min:      5895770136
Median:   8003586
Mean:     2.94789e+09
Max:      5895770136
StdDev:  ±2.94789e+09
