smooth-for.body241.us
Count:    400
Min:      57448
Median:   62604
Mean:     2.23907e+07
Max:      199906413
StdDev:  ±5.90722e+07
