bpnn_train_kernel-for.body138
Count:    1
Min:      1049187000
Median:   8000017
Mean:     5.24594e+08
Max:      1049187000
StdDev:  ±5.24594e+08
