bpnn_train_kernel-for.body138
Count:    1
Min:      1066572000
Median:   8000017
Mean:     5.33286e+08
Max:      1066572000
StdDev:  ±5.33286e+08
