bpnn_train_kernel-for.body138
Count:    1
Min:      1084317000
Median:   8000017
Mean:     5.42158e+08
Max:      1084317000
StdDev:  ±5.42158e+08
