bpnn_train_kernel-for.body138
Count:    1
Min:      1086789000
Median:   8000017
Mean:     5.43394e+08
Max:      1086789000
StdDev:  ±5.43394e+08
