bpnn_train_kernel-for.body138
Count:    1
Min:      1017518000
Median:   8000017
Mean:     5.08759e+08
Max:      1017518000
StdDev:  ±5.08759e+08
