bpnn_train_kernel-for.body138
Count:    1
Min:      1042383000
Median:   8000017
Mean:     5.21192e+08
Max:      1042383000
StdDev:  ±5.21192e+08
