bpnn_train_kernel-for.body138
Count:    1
Min:      1014622000
Median:   8000017
Mean:     5.07311e+08
Max:      1014622000
StdDev:  ±5.07311e+08
