bpnn_train_kernel-for.body138
Count:    1
Min:      1066768000
Median:   8000017
Mean:     5.33384e+08
Max:      1066768000
StdDev:  ±5.33384e+08
