bpnn_train_kernel-for.body138
Count:    1
Min:      1021449000
Median:   8000017
Mean:     5.10724e+08
Max:      1021449000
StdDev:  ±5.10724e+08
