bpnn_train_kernel-for.body138
Count:    1
Min:      1069997000
Median:   8000017
Mean:     5.34998e+08
Max:      1069997000
StdDev:  ±5.34998e+08
