bpnn_train_kernel-for.body138
Count:    1
Min:      1070717000
Median:   8000017
Mean:     5.35358e+08
Max:      1070717000
StdDev:  ±5.35358e+08
