s4114-for.body3.us
Count:    1
Min:      7974915576
Median:   8003586
Mean:     3.98746e+09
Max:      7974915576
StdDev:  ±3.98746e+09
