s4114-for.body3.us
Count:    1
Min:      7313567018
Median:   8003586
Mean:     3.65678e+09
Max:      7313567018
StdDev:  ±3.65678e+09
