s4114-for.body3.us
Count:    1
Min:      7681769561
Median:   8003586
Mean:     3.84088e+09
Max:      7681769561
StdDev:  ±3.84088e+09
