s4114-for.body3.us
Count:    1
Min:      7924500956
Median:   8003586
Mean:     3.96225e+09
Max:      7924500956
StdDev:  ±3.96225e+09
