s4114-for.body3.us
Count:    1
Min:      7638926250
Median:   8003586
Mean:     3.81946e+09
Max:      7638926250
StdDev:  ±3.81946e+09
