s4114-for.body3.us
Count:    1
Min:      7920057496
Median:   8003586
Mean:     3.96003e+09
Max:      7920057496
StdDev:  ±3.96003e+09
