s4114-for.body3.us
Count:    1
Min:      7575937058
Median:   8003586
Mean:     3.78797e+09
Max:      7575937058
StdDev:  ±3.78797e+09
