crc32file-while.body
Count:    1
Min:      568876427
Median:   8003586
Mean:     2.84438e+08
Max:      568876427
StdDev:  ±2.84438e+08
