crc32file-while.body
Count:    1
Min:      566704992
Median:   8003586
Mean:     2.83352e+08
Max:      566704992
StdDev:  ±2.83352e+08
