crc32file-while.body
Count:    1
Min:      585942068
Median:   8003586
Mean:     2.92971e+08
Max:      585942068
StdDev:  ±2.92971e+08
