crc32file-while.body
Count:    1
Min:      576912618
Median:   8003586
Mean:     2.88456e+08
Max:      576912618
StdDev:  ±2.88456e+08
