crc32file-while.body
Count:    1
Min:      546217808
Median:   8003586
Mean:     2.73109e+08
Max:      546217808
StdDev:  ±2.73109e+08
