fannkuch-for.body57
Count:    1
Min:      5549645000
Median:   8000017
Mean:     2.77482e+09
Max:      5549645000
StdDev:  ±2.77482e+09
