fannkuch-for.body57
Count:    1
Min:      5554726000
Median:   8000017
Mean:     2.77736e+09
Max:      5554726000
StdDev:  ±2.77736e+09
