fannkuch-for.body57
Count:    1
Min:      5554752000
Median:   8000017
Mean:     2.77738e+09
Max:      5554752000
StdDev:  ±2.77738e+09
