fannkuch-for.body57
Count:    1
Min:      5529351000
Median:   8000017
Mean:     2.76468e+09
Max:      5529351000
StdDev:  ±2.76468e+09
