fannkuch-for.body57
Count:    1
Min:      5529302000
Median:   8000017
Mean:     2.76465e+09
Max:      5529302000
StdDev:  ±2.76465e+09
