fannkuch-for.body57
Count:    1
Min:      5558301000
Median:   8000017
Mean:     2.77915e+09
Max:      5558301000
StdDev:  ±2.77915e+09
