fannkuch-for.body57
Count:    1
Min:      5558346000
Median:   8000017
Mean:     2.77917e+09
Max:      5558346000
StdDev:  ±2.77917e+09
