fannkuch-for.body57
Count:    1
Min:      5523724000
Median:   8000017
Mean:     2.76186e+09
Max:      5523724000
StdDev:  ±2.76186e+09
