fannkuch-for.body57
Count:    1
Min:      5523789000
Median:   8000017
Mean:     2.76189e+09
Max:      5523789000
StdDev:  ±2.76189e+09
