fannkuch-for.body57
Count:    1
Min:      5529773000
Median:   8000017
Mean:     2.76489e+09
Max:      5529773000
StdDev:  ±2.76489e+09
