fannkuch-for.body57
Count:    1
Min:      5575223000
Median:   8000017
Mean:     2.78761e+09
Max:      5575223000
StdDev:  ±2.78761e+09
