fannkuch-for.body57
Count:    1
Min:      5575248000
Median:   8000017
Mean:     2.78762e+09
Max:      5575248000
StdDev:  ±2.78762e+09
