fannkuch-for.body57
Count:    1
Min:      5567278000
Median:   8000017
Mean:     2.78364e+09
Max:      5567278000
StdDev:  ±2.78364e+09
