fannkuch-for.body57
Count:    1
Min:      5567211000
Median:   8000017
Mean:     2.78361e+09
Max:      5567211000
StdDev:  ±2.78361e+09
