fannkuch-for.body57
Count:    1
Min:      5188549000
Median:   8000017
Mean:     2.59427e+09
Max:      5188549000
StdDev:  ±2.59427e+09
