s235-for.body11
Count:    1
Min:      2145453000
Median:   8000017
Mean:     1.07273e+09
Max:      2145453000
StdDev:  ±1.07273e+09
