s235-for.body11
Count:    1
Min:      2144725000
Median:   8000017
Mean:     1.07236e+09
Max:      2144725000
StdDev:  ±1.07236e+09
