s235-for.body11
Count:    1
Min:      2150880000
Median:   8000017
Mean:     1.07544e+09
Max:      2150880000
StdDev:  ±1.07544e+09
