s235-for.body11
Count:    1
Min:      2150812000
Median:   8000017
Mean:     1.07541e+09
Max:      2150812000
StdDev:  ±1.07541e+09
