s235-for.body11
Count:    1
Min:      2138702000
Median:   8000017
Mean:     1.06935e+09
Max:      2138702000
StdDev:  ±1.06935e+09
