s235-for.body11
Count:    1
Min:      2185370000
Median:   8000017
Mean:     1.09268e+09
Max:      2185370000
StdDev:  ±1.09268e+09
