s235-for.body11
Count:    1
Min:      2147013000
Median:   8000017
Mean:     1.07351e+09
Max:      2147013000
StdDev:  ±1.07351e+09
