s235-for.body11
Count:    1
Min:      2146142000
Median:   8000017
Mean:     1.07307e+09
Max:      2146142000
StdDev:  ±1.07307e+09
