s235-for.body11
Count:    1
Min:      2117504000
Median:   8000017
Mean:     1.05875e+09
Max:      2117504000
StdDev:  ±1.05875e+09
