s235-for.body11
Count:    1
Min:      2143715000
Median:   8000017
Mean:     1.07186e+09
Max:      2143715000
StdDev:  ±1.07186e+09
