s235-for.body11
Count:    1
Min:      2140680000
Median:   8000017
Mean:     1.07034e+09
Max:      2140680000
StdDev:  ±1.07034e+09
