s235-for.body11
Count:    1
Min:      2066976000
Median:   8000017
Mean:     1.03349e+09
Max:      2066976000
StdDev:  ±1.03349e+09
