s235-for.body11
Count:    1
Min:      2067764000
Median:   8000017
Mean:     1.03388e+09
Max:      2067764000
StdDev:  ±1.03388e+09
