s235-for.body11
Count:    1
Min:      2122106000
Median:   8000017
Mean:     1.06105e+09
Max:      2122106000
StdDev:  ±1.06105e+09
