s235-for.body11
Count:    1
Min:      2123050000
Median:   8000017
Mean:     1.06152e+09
Max:      2123050000
StdDev:  ±1.06152e+09
