s235-for.body11
Count:    1
Min:      2116947000
Median:   8000017
Mean:     1.05847e+09
Max:      2116947000
StdDev:  ±1.05847e+09
