s235-for.body11
Count:    1
Min:      2116614000
Median:   8000017
Mean:     1.05831e+09
Max:      2116614000
StdDev:  ±1.05831e+09
