s312-for.body3
Count:    1
Min:      1567761942
Median:   8003586
Mean:     7.83881e+08
Max:      1567761942
StdDev:  ±7.83881e+08
