s312-for.body3
Count:    1
Min:      1566383533
Median:   8003586
Mean:     7.83192e+08
Max:      1566383533
StdDev:  ±7.83192e+08
