s312-for.body3
Count:    1
Min:      1565711302
Median:   8003586
Mean:     7.82856e+08
Max:      1565711302
StdDev:  ±7.82856e+08
