s312-for.body3
Count:    1
Min:      1566469404
Median:   8003586
Mean:     7.83235e+08
Max:      1566469404
StdDev:  ±7.83235e+08
