s312-for.body3
Count:    1
Min:      1566717092
Median:   8003586
Mean:     7.83359e+08
Max:      1566717092
StdDev:  ±7.83359e+08
