s312-for.body3
Count:    1
Min:      1566196170
Median:   8003586
Mean:     7.83098e+08
Max:      1566196170
StdDev:  ±7.83098e+08
