s312-for.body3
Count:    1
Min:      1565970020
Median:   8003586
Mean:     7.82985e+08
Max:      1565970020
StdDev:  ±7.82985e+08
