TreeAlloc-if.else
Count:    1
Min:      1137802463
Median:   8003586
Mean:     5.68901e+08
Max:      1137802463
StdDev:  ±5.68901e+08
