TreeAlloc-if.else
Count:    1
Min:      1139503493
Median:   8003586
Mean:     5.69752e+08
Max:      1139503493
StdDev:  ±5.69752e+08
