TreeAlloc-if.else
Count:    1
Min:      1142943927
Median:   8003586
Mean:     5.71472e+08
Max:      1142943927
StdDev:  ±5.71472e+08
