TreeAlloc-if.else
Count:    1
Min:      1141318677
Median:   8003586
Mean:     5.70659e+08
Max:      1141318677
StdDev:  ±5.70659e+08
