TreeAlloc-if.else
Count:    1
Min:      1136476570
Median:   8003586
Mean:     5.68238e+08
Max:      1136476570
StdDev:  ±5.68238e+08
