TreeAlloc-if.else
Count:    1
Min:      1136483132
Median:   8003586
Mean:     5.68242e+08
Max:      1136483132
StdDev:  ±5.68242e+08
