TreeAlloc-if.else
Count:    1
Min:      1137154728
Median:   8003586
Mean:     5.68577e+08
Max:      1137154728
StdDev:  ±5.68577e+08
