TreeAlloc-if.else
Count:    1
Min:      1140801474
Median:   8003586
Mean:     5.70401e+08
Max:      1140801474
StdDev:  ±5.70401e+08
