TreeAlloc-if.else
Count:    1
Min:      1141022542
Median:   8003586
Mean:     5.70511e+08
Max:      1141022542
StdDev:  ±5.70511e+08
