TreeAlloc-if.else
Count:    1
Min:      1144756684
Median:   8003586
Mean:     5.72378e+08
Max:      1144756684
StdDev:  ±5.72378e+08
