TreeAlloc-if.else
Count:    1
Min:      1140187689
Median:   8003586
Mean:     5.70094e+08
Max:      1140187689
StdDev:  ±5.70094e+08
