TreeAlloc-if.else
Count:    1
Min:      1143415375
Median:   8003586
Mean:     5.71708e+08
Max:      1143415375
StdDev:  ±5.71708e+08
