TreeAlloc-if.else
Count:    1
Min:      1144050642
Median:   8003586
Mean:     5.72025e+08
Max:      1144050642
StdDev:  ±5.72025e+08
