TreeAlloc-if.else
Count:    1
Min:      1143809913
Median:   8003586
Mean:     5.71905e+08
Max:      1143809913
StdDev:  ±5.71905e+08
