TreeAlloc-if.else
Count:    1
Min:      1141333197
Median:   8003586
Mean:     5.70667e+08
Max:      1141333197
StdDev:  ±5.70667e+08
