TreeAlloc-if.else
Count:    1
Min:      1144374114
Median:   8003586
Mean:     5.72187e+08
Max:      1144374114
StdDev:  ±5.72187e+08
