TreeAlloc-if.else
Count:    1
Min:      1139306494
Median:   8003586
Mean:     5.69653e+08
Max:      1139306494
StdDev:  ±5.69653e+08
