TreeAlloc-if.else
Count:    1
Min:      1139451873
Median:   8003586
Mean:     5.69726e+08
Max:      1139451873
StdDev:  ±5.69726e+08
