TreeAlloc-if.else
Count:    1
Min:      1140643583
Median:   8003586
Mean:     5.70322e+08
Max:      1140643583
StdDev:  ±5.70322e+08
