TreeAlloc-if.else
Count:    1
Min:      1142483968
Median:   8003586
Mean:     5.71242e+08
Max:      1142483968
StdDev:  ±5.71242e+08
