TreeAlloc-if.else
Count:    1
Min:      1145208011
Median:   8003586
Mean:     5.72604e+08
Max:      1145208011
StdDev:  ±5.72604e+08
