s1251-vector.body
Count:    1
Min:      3157924000
Median:   8000017
Mean:     1.57896e+09
Max:      3157924000
StdDev:  ±1.57896e+09
