s1251-vector.body
Count:    1
Min:      3157908000
Median:   8000017
Mean:     1.57895e+09
Max:      3157908000
StdDev:  ±1.57895e+09
