s1251-vector.body
Count:    1
Min:      3158185000
Median:   8000017
Mean:     1.57909e+09
Max:      3158185000
StdDev:  ±1.57909e+09
