s1251-vector.body
Count:    1
Min:      3158772000
Median:   8000017
Mean:     1.57939e+09
Max:      3158772000
StdDev:  ±1.57939e+09
