s1251-vector.body
Count:    1
Min:      3158742000
Median:   8000017
Mean:     1.57937e+09
Max:      3158742000
StdDev:  ±1.57937e+09
