s1251-vector.body
Count:    1
Min:      3157647000
Median:   8000017
Mean:     1.57882e+09
Max:      3157647000
StdDev:  ±1.57882e+09
