s1251-vector.body
Count:    1
Min:      3171056000
Median:   8000017
Mean:     1.58553e+09
Max:      3171056000
StdDev:  ±1.58553e+09
