s1251-vector.body
Count:    1
Min:      3170978000
Median:   8000017
Mean:     1.58549e+09
Max:      3170978000
StdDev:  ±1.58549e+09
