s1251-vector.body
Count:    1
Min:      3155436000
Median:   8000017
Mean:     1.57772e+09
Max:      3155436000
StdDev:  ±1.57772e+09
