s1251-vector.body
Count:    1
Min:      3155326000
Median:   8000017
Mean:     1.57766e+09
Max:      3155326000
StdDev:  ±1.57766e+09
