s1251-vector.body
Count:    1
Min:      3156941000
Median:   8000017
Mean:     1.57847e+09
Max:      3156941000
StdDev:  ±1.57847e+09
