s1251-vector.body
Count:    1
Min:      3156943000
Median:   8000017
Mean:     1.57847e+09
Max:      3156943000
StdDev:  ±1.57847e+09
