s1251-vector.body
Count:    1
Min:      3170187000
Median:   8000017
Mean:     1.58509e+09
Max:      3170187000
StdDev:  ±1.58509e+09
