s1251-vector.body
Count:    1
Min:      3170222000
Median:   8000017
Mean:     1.58511e+09
Max:      3170222000
StdDev:  ±1.58511e+09
