s1251-vector.body
Count:    1
Min:      3154763000
Median:   8000017
Mean:     1.57738e+09
Max:      3154763000
StdDev:  ±1.57738e+09
