s1251-vector.body
Count:    1
Min:      3154143000
Median:   8000017
Mean:     1.57707e+09
Max:      3154143000
StdDev:  ±1.57707e+09
