s1251-vector.body
Count:    1
Min:      3175988000
Median:   8000017
Mean:     1.58799e+09
Max:      3175988000
StdDev:  ±1.58799e+09
