s1251-vector.body
Count:    1
Min:      3175951000
Median:   8000017
Mean:     1.58798e+09
Max:      3175951000
StdDev:  ±1.58798e+09
