s1251-vector.body
Count:    1
Min:      3155231000
Median:   8000017
Mean:     1.57762e+09
Max:      3155231000
StdDev:  ±1.57762e+09
