s244-for.body3
Count:    1
Min:      1945929000
Median:   8000017
Mean:     9.72964e+08
Max:      1945929000
StdDev:  ±9.72964e+08
