s244-for.body3
Count:    1
Min:      1900444000
Median:   8000017
Mean:     9.50222e+08
Max:      1900444000
StdDev:  ±9.50222e+08
