s244-for.body3
Count:    1
Min:      1881023000
Median:   8000017
Mean:     9.40512e+08
Max:      1881023000
StdDev:  ±9.40512e+08
