s244-for.body3
Count:    1
Min:      1881545000
Median:   8000017
Mean:     9.40772e+08
Max:      1881545000
StdDev:  ±9.40772e+08
