s244-for.body3
Count:    1
Min:      1869998000
Median:   8000017
Mean:     9.34999e+08
Max:      1869998000
StdDev:  ±9.34999e+08
