s244-for.body3
Count:    1
Min:      1856073000
Median:   8000017
Mean:     9.28036e+08
Max:      1856073000
StdDev:  ±9.28036e+08
