s244-for.body3
Count:    1
Min:      1812630000
Median:   8000017
Mean:     9.06315e+08
Max:      1812630000
StdDev:  ±9.06315e+08
