s244-for.body3
Count:    1
Min:      1846168000
Median:   8000017
Mean:     9.23084e+08
Max:      1846168000
StdDev:  ±9.23084e+08
