s244-for.body3
Count:    1
Min:      1857252000
Median:   8000017
Mean:     9.28626e+08
Max:      1857252000
StdDev:  ±9.28626e+08
