s244-for.body3
Count:    1
Min:      1857945000
Median:   8000017
Mean:     9.28972e+08
Max:      1857945000
StdDev:  ±9.28972e+08
