s244-for.body3
Count:    1
Min:      1903178000
Median:   8000017
Mean:     9.51589e+08
Max:      1903178000
StdDev:  ±9.51589e+08
