s244-for.body3
Count:    1
Min:      1899644000
Median:   8000017
Mean:     9.49822e+08
Max:      1899644000
StdDev:  ±9.49822e+08
