s352-for.body3
Count:    1
Min:      2897686000
Median:   8000017
Mean:     1.44884e+09
Max:      2897686000
StdDev:  ±1.44884e+09
