s352-for.body3
Count:    1
Min:      2897666000
Median:   8000017
Mean:     1.44883e+09
Max:      2897666000
StdDev:  ±1.44883e+09
