s352-for.body3
Count:    1
Min:      2897515000
Median:   8000017
Mean:     1.44876e+09
Max:      2897515000
StdDev:  ±1.44876e+09
