s352-for.body3
Count:    1
Min:      2898067000
Median:   8000017
Mean:     1.44903e+09
Max:      2898067000
StdDev:  ±1.44903e+09
