s352-for.body3
Count:    1
Min:      2897448000
Median:   8000017
Mean:     1.44872e+09
Max:      2897448000
StdDev:  ±1.44872e+09
