s352-for.body3
Count:    1
Min:      2897980000
Median:   8000017
Mean:     1.44899e+09
Max:      2897980000
StdDev:  ±1.44899e+09
