main-for.body
Count:    1
Min:      346852330
Median:   8003586
Mean:     1.73426e+08
Max:      346852330
StdDev:  ±1.73426e+08
