main-for.body
Count:    1
Min:      345766498
Median:   8003586
Mean:     1.72883e+08
Max:      345766498
StdDev:  ±1.72883e+08
