main-for.body
Count:    1
Min:      346929707
Median:   8003586
Mean:     1.73465e+08
Max:      346929707
StdDev:  ±1.73465e+08
