main-for.body
Count:    1
Min:      350264752
Median:   8003586
Mean:     1.75132e+08
Max:      350264752
StdDev:  ±1.75132e+08
