main-for.body
Count:    1
Min:      349613028
Median:   8003586
Mean:     1.74807e+08
Max:      349613028
StdDev:  ±1.74807e+08
