main-for.body
Count:    1
Min:      347825193
Median:   8003586
Mean:     1.73913e+08
Max:      347825193
StdDev:  ±1.73913e+08
