main-for.body
Count:    1
Min:      347752402
Median:   8003586
Mean:     1.73876e+08
Max:      347752402
StdDev:  ±1.73876e+08
