main-for.body
Count:    1
Min:      349334220
Median:   8003586
Mean:     1.74667e+08
Max:      349334220
StdDev:  ±1.74667e+08
