main-for.body
Count:    1
Min:      346283373
Median:   8003586
Mean:     1.73142e+08
Max:      346283373
StdDev:  ±1.73142e+08
