main-for.body
Count:    1
Min:      346374079
Median:   8003586
Mean:     1.73187e+08
Max:      346374079
StdDev:  ±1.73187e+08
