s235-for.body11
Count:    1
Min:      1443462000
Median:   8000017
Mean:     7.21731e+08
Max:      1443462000
StdDev:  ±7.21731e+08
