s235-for.body11
Count:    1
Min:      1412445000
Median:   8000017
Mean:     7.06222e+08
Max:      1412445000
StdDev:  ±7.06222e+08
