s235-for.body11
Count:    1
Min:      1412292000
Median:   8000017
Mean:     7.06146e+08
Max:      1412292000
StdDev:  ±7.06146e+08
