s235-for.body11
Count:    1
Min:      1442011000
Median:   8000017
Mean:     7.21006e+08
Max:      1442011000
StdDev:  ±7.21006e+08
