s235-for.body11
Count:    1
Min:      1373035000
Median:   8000017
Mean:     6.86518e+08
Max:      1373035000
StdDev:  ±6.86518e+08
