s235-for.body11
Count:    1
Min:      1365316000
Median:   8000017
Mean:     6.82658e+08
Max:      1365316000
StdDev:  ±6.82658e+08
