s235-for.body11
Count:    1
Min:      1463124000
Median:   8000017
Mean:     7.31562e+08
Max:      1463124000
StdDev:  ±7.31562e+08
