s235-for.body11
Count:    1
Min:      1480082000
Median:   8000017
Mean:     7.40041e+08
Max:      1480082000
StdDev:  ±7.40041e+08
