s235-for.body11
Count:    1
Min:      1477997000
Median:   8000017
Mean:     7.38998e+08
Max:      1477997000
StdDev:  ±7.38998e+08
