s235-for.body11
Count:    1
Min:      1454866000
Median:   8000017
Mean:     7.27433e+08
Max:      1454866000
StdDev:  ±7.27433e+08
