s235-for.body11
Count:    1
Min:      1453808000
Median:   8000017
Mean:     7.26904e+08
Max:      1453808000
StdDev:  ±7.26904e+08
