s235-for.body11
Count:    1
Min:      1419835000
Median:   8000017
Mean:     7.09918e+08
Max:      1419835000
StdDev:  ±7.09918e+08
