s235-for.body11
Count:    1
Min:      1420753000
Median:   8000017
Mean:     7.10376e+08
Max:      1420753000
StdDev:  ±7.10376e+08
