s235-for.body11
Count:    1
Min:      1423193000
Median:   8000017
Mean:     7.11596e+08
Max:      1423193000
StdDev:  ±7.11596e+08
