s235-for.body11
Count:    1
Min:      1422324000
Median:   8000017
Mean:     7.11162e+08
Max:      1422324000
StdDev:  ±7.11162e+08
