main-for.body
Count:    1
Min:      15105065439
Median:   8003586
Mean:     7.55253e+09
Max:      15105065439
StdDev:  ±7.55253e+09
