main-for.body
Count:    1
Min:      13302777480
Median:   8003586
Mean:     6.65139e+09
Max:      13302777480
StdDev:  ±6.65139e+09
