main-for.body
Count:    1
Min:      13302282333
Median:   8003586
Mean:     6.65114e+09
Max:      13302282333
StdDev:  ±6.65114e+09
