main-for.body
Count:    1
Min:      14428267204
Median:   8003586
Mean:     7.21413e+09
Max:      14428267204
StdDev:  ±7.21413e+09
