main-for.body
Count:    1
Min:      12626411475
Median:   8003586
Mean:     6.31321e+09
Max:      12626411475
StdDev:  ±6.31321e+09
