main-for.body
Count:    1
Min:      13305709023
Median:   8003586
Mean:     6.65285e+09
Max:      13305709023
StdDev:  ±6.65285e+09
