main-for.body
Count:    1
Min:      13301371065
Median:   8003586
Mean:     6.65069e+09
Max:      13301371065
StdDev:  ±6.65069e+09
