main-for.body
Count:    1
Min:      12402816340
Median:   8003586
Mean:     6.20141e+09
Max:      12402816340
StdDev:  ±6.20141e+09
