main-for.body
Count:    1
Min:      12402985697
Median:   8003586
Mean:     6.20149e+09
Max:      12402985697
StdDev:  ±6.20149e+09
