main-for.body
Count:    1
Min:      13306339879
Median:   8003586
Mean:     6.65317e+09
Max:      13306339879
StdDev:  ±6.65317e+09
