main-for.body
Count:    1
Min:      13301847781
Median:   8003586
Mean:     6.65092e+09
Max:      13301847781
StdDev:  ±6.65092e+09
