main-for.body
Count:    1
Min:      14204282816
Median:   8003586
Mean:     7.10214e+09
Max:      14204282816
StdDev:  ±7.10214e+09
