main-for.body
Count:    1
Min:      14211229628
Median:   8003586
Mean:     7.10561e+09
Max:      14211229628
StdDev:  ±7.10561e+09
