main-for.body
Count:    1
Min:      15106010355
Median:   8003586
Mean:     7.55301e+09
Max:      15106010355
StdDev:  ±7.55301e+09
