main-for.body
Count:    1
Min:      12398988458
Median:   8003586
Mean:     6.19949e+09
Max:      12398988458
StdDev:  ±6.19949e+09
