main-for.body
Count:    1
Min:      12399960393
Median:   8003586
Mean:     6.19998e+09
Max:      12399960393
StdDev:  ±6.19998e+09
