init_array-for.body14
Count:    2
Min:      170739689
Median:   170739689
Mean:     3.30884e+08
Max:      491028952
StdDev:  ±1.60145e+08
