init_array-for.body14
Count:    2
Min:      171688784
Median:   171688784
Mean:     3.27878e+08
Max:      484067295
StdDev:  ±1.56189e+08
