init_array-for.body14
Count:    2
Min:      170453936
Median:   170453936
Mean:     3.29227e+08
Max:      488000972
StdDev:  ±1.58774e+08
