init_array-for.body14
Count:    2
Min:      170468239
Median:   170468239
Mean:     3.28626e+08
Max:      486783268
StdDev:  ±1.58158e+08
