init_array-for.body14
Count:    2
Min:      171188693
Median:   171188693
Mean:     3.29396e+08
Max:      487602706
StdDev:  ±1.58207e+08
