init_array-for.body14
Count:    2
Min:      171163845
Median:   171163845
Mean:     3.28794e+08
Max:      486425150
StdDev:  ±1.57631e+08
