init_array-for.body14
Count:    2
Min:      170493462
Median:   170493462
Mean:     3.29629e+08
Max:      488764186
StdDev:  ±1.59135e+08
