init_array-for.body14
Count:    2
Min:      170871564
Median:   170871564
Mean:     3.27782e+08
Max:      484693049
StdDev:  ±1.56911e+08
