init_array-for.body14
Count:    2
Min:      170647661
Median:   170647661
Mean:     3.29602e+08
Max:      488556633
StdDev:  ±1.58954e+08
