init_array-for.body14
Count:    2
Min:      171480619
Median:   171480619
Mean:     3.28725e+08
Max:      485969239
StdDev:  ±1.57244e+08
