init_array-for.body14
Count:    2
Min:      170493401
Median:   170493401
Mean:     3.28928e+08
Max:      487363334
StdDev:  ±1.58435e+08
