main-for.body12
Count:    1
Min:      2416109000
Median:   8000017
Mean:     1.20805e+09
Max:      2416109000
StdDev:  ±1.20805e+09
