main-for.body12
Count:    1
Min:      2416165000
Median:   8000017
Mean:     1.20808e+09
Max:      2416165000
StdDev:  ±1.20808e+09
