main-for.body12
Count:    1
Min:      2651012000
Median:   8000017
Mean:     1.32551e+09
Max:      2651012000
StdDev:  ±1.32551e+09
