main-for.body12
Count:    1
Min:      2651637000
Median:   8000017
Mean:     1.32582e+09
Max:      2651637000
StdDev:  ±1.32582e+09
