main-for.body12
Count:    1
Min:      2651176000
Median:   8000017
Mean:     1.32559e+09
Max:      2651176000
StdDev:  ±1.32559e+09
