main-for.body12
Count:    1
Min:      2651104000
Median:   8000017
Mean:     1.32555e+09
Max:      2651104000
StdDev:  ±1.32555e+09
