main-for.body12
Count:    1
Min:      2651034000
Median:   8000017
Mean:     1.32552e+09
Max:      2651034000
StdDev:  ±1.32552e+09
