main-for.body12
Count:    1
Min:      2651765000
Median:   8000017
Mean:     1.32588e+09
Max:      2651765000
StdDev:  ±1.32588e+09
