main-for.body12
Count:    1
Min:      2651629000
Median:   8000017
Mean:     1.32581e+09
Max:      2651629000
StdDev:  ±1.32581e+09
