main-for.body12
Count:    1
Min:      2651067000
Median:   8000017
Mean:     1.32553e+09
Max:      2651067000
StdDev:  ±1.32553e+09
