main-for.body12
Count:    1
Min:      2651545000
Median:   8000017
Mean:     1.32577e+09
Max:      2651545000
StdDev:  ±1.32577e+09
