main-for.body12
Count:    1
Min:      2651567000
Median:   8000017
Mean:     1.32578e+09
Max:      2651567000
StdDev:  ±1.32578e+09
