MakeTree-entry
Count:    1
Min:      974150000
Median:   8000017
Mean:     4.87075e+08
Max:      974150000
StdDev:  ±4.87075e+08
