MakeTree-entry
Count:    1
Min:      970495000
Median:   8000017
Mean:     4.85248e+08
Max:      970495000
StdDev:  ±4.85248e+08
