MakeTree-entry
Count:    1
Min:      970570000
Median:   8000017
Mean:     4.85285e+08
Max:      970570000
StdDev:  ±4.85285e+08
