MakeTree-entry
Count:    1
Min:      973206000
Median:   8000017
Mean:     4.86603e+08
Max:      973206000
StdDev:  ±4.86603e+08
