MakeTree-entry
Count:    1
Min:      973466000
Median:   8000017
Mean:     4.86733e+08
Max:      973466000
StdDev:  ±4.86733e+08
