MakeTree-entry
Count:    1
Min:      971458000
Median:   8000017
Mean:     4.85729e+08
Max:      971458000
StdDev:  ±4.85729e+08
