MakeTree-entry
Count:    1
Min:      971482000
Median:   8000017
Mean:     4.85741e+08
Max:      971482000
StdDev:  ±4.85741e+08
