MakeTree-entry
Count:    1
Min:      970843000
Median:   8000017
Mean:     4.85422e+08
Max:      970843000
StdDev:  ±4.85422e+08
