MakeTree-entry
Count:    1
Min:      971837000
Median:   8000017
Mean:     4.85918e+08
Max:      971837000
StdDev:  ±4.85918e+08
