MakeTree-entry
Count:    1
Min:      968453000
Median:   8000017
Mean:     4.84226e+08
Max:      968453000
StdDev:  ±4.84226e+08
