MakeTree-entry
Count:    1
Min:      973312000
Median:   8000017
Mean:     4.86656e+08
Max:      973312000
StdDev:  ±4.86656e+08
