MakeTree-entry
Count:    1
Min:      973506000
Median:   8000017
Mean:     4.86753e+08
Max:      973506000
StdDev:  ±4.86753e+08
