MakeTree-entry
Count:    1
Min:      973325000
Median:   8000017
Mean:     4.86662e+08
Max:      973325000
StdDev:  ±4.86662e+08
