MakeTree-entry
Count:    1
Min:      971994000
Median:   8000017
Mean:     4.85997e+08
Max:      971994000
StdDev:  ±4.85997e+08
