MakeTree-entry
Count:    1
Min:      971914000
Median:   8000017
Mean:     4.85957e+08
Max:      971914000
StdDev:  ±4.85957e+08
