MakeTree-entry
Count:    1
Min:      970926000
Median:   8000017
Mean:     4.85463e+08
Max:      970926000
StdDev:  ±4.85463e+08
