MakeTree-entry
Count:    1
Min:      970849000
Median:   8000017
Mean:     4.85424e+08
Max:      970849000
StdDev:  ±4.85424e+08
