s211-for.body3
Count:    1
Min:      24761226923
Median:   8003586
Mean:     1.23806e+10
Max:      24761226923
StdDev:  ±1.23806e+10
