s211-for.body3
Count:    1
Min:      24267292629
Median:   8003586
Mean:     1.21336e+10
Max:      24267292629
StdDev:  ±1.21336e+10
