s211-for.body3
Count:    1
Min:      24192963386
Median:   8003586
Mean:     1.20965e+10
Max:      24192963386
StdDev:  ±1.20965e+10
