s211-for.body3
Count:    1
Min:      24354786083
Median:   8003586
Mean:     1.21774e+10
Max:      24354786083
StdDev:  ±1.21774e+10
