s211-for.body3
Count:    1
Min:      24108937282
Median:   8003586
Mean:     1.20545e+10
Max:      24108937282
StdDev:  ±1.20545e+10
