s211-for.body3
Count:    1
Min:      24512659364
Median:   8003586
Mean:     1.22563e+10
Max:      24512659364
StdDev:  ±1.22563e+10
