s115-for.body6
Count:    1
Min:      4685018677
Median:   8003586
Mean:     2.34251e+09
Max:      4685018677
StdDev:  ±2.34251e+09
