s115-for.body6
Count:    1
Min:      5305229580
Median:   8003586
Mean:     2.65261e+09
Max:      5305229580
StdDev:  ±2.65261e+09
