s115-for.body6
Count:    1
Min:      4385317930
Median:   8003586
Mean:     2.19266e+09
Max:      4385317930
StdDev:  ±2.19266e+09
