s115-for.body6
Count:    1
Min:      4995342852
Median:   8003586
Mean:     2.49767e+09
Max:      4995342852
StdDev:  ±2.49767e+09
