s115-for.body6
Count:    1
Min:      5306171099
Median:   8003586
Mean:     2.65309e+09
Max:      5306171099
StdDev:  ±2.65309e+09
