s115-for.body6
Count:    1
Min:      5305977125
Median:   8003586
Mean:     2.65299e+09
Max:      5305977125
StdDev:  ±2.65299e+09
