s115-for.body6
Count:    1
Min:      4990716878
Median:   8003586
Mean:     2.49536e+09
Max:      4990716878
StdDev:  ±2.49536e+09
