runcont-for.body22
Count:    30
Min:      3111188
Median:   3185198
Mean:     2.13666e+07
Max:      254316498
StdDev:  ±5.23709e+07
