runcont-for.body22
Count:    30
Min:      3117073
Median:   3184156
Mean:     2.13955e+07
Max:      254625297
StdDev:  ±5.24372e+07
