runcont-for.body22
Count:    30
Min:      3111396
Median:   3186865
Mean:     2.13912e+07
Max:      254745914
StdDev:  ±5.24543e+07
