runcont-for.body22
Count:    30
Min:      3114677
Median:   3202281
Mean:     2.13982e+07
Max:      254460340
StdDev:  ±5.24259e+07
