runcont-for.body22
Count:    30
Min:      3113635
Median:   3194572
Mean:     2.13803e+07
Max:      254102537
StdDev:  ±5.23709e+07
