runcont-for.body22
Count:    30
Min:      3110511
Median:   3184260
Mean:     2.13832e+07
Max:      254437826
StdDev:  ±5.24045e+07
