runcont-for.body22
Count:    30
Min:      2872647
Median:   2945875
Mean:     1.97402e+07
Max:      234703083
StdDev:  ±4.83518e+07
