runcont-for.body22
Count:    30
Min:      3118114
Median:   3197072
Mean:     2.14059e+07
Max:      254642866
StdDev:  ±5.24529e+07
