runcont-for.body22
Count:    30
Min:      2878636
Median:   2931657
Mean:     1.97135e+07
Max:      234646223
StdDev:  ±4.83116e+07
