runcont-for.body22
Count:    30
Min:      2873428
Median:   2944781
Mean:     1.97468e+07
Max:      234825947
StdDev:  ±4.83824e+07
