s116-for.body3
Count:    1
Min:      3086647935
Median:   8003586
Mean:     1.54332e+09
Max:      3086647935
StdDev:  ±1.54332e+09
