s116-for.body3
Count:    1
Min:      3090959538
Median:   8003586
Mean:     1.54548e+09
Max:      3090959538
StdDev:  ±1.54548e+09
