s116-for.body3
Count:    1
Min:      3311051605
Median:   8003586
Mean:     1.65553e+09
Max:      3311051605
StdDev:  ±1.65553e+09
