s116-for.body3
Count:    1
Min:      3648019192
Median:   8003586
Mean:     1.82401e+09
Max:      3648019192
StdDev:  ±1.82401e+09
