s116-for.body3
Count:    1
Min:      3311921792
Median:   8003586
Mean:     1.65596e+09
Max:      3311921792
StdDev:  ±1.65596e+09
