s116-for.body3
Count:    1
Min:      3311895958
Median:   8003586
Mean:     1.65595e+09
Max:      3311895958
StdDev:  ±1.65595e+09
