s116-for.body3
Count:    1
Min:      3088912691
Median:   8003586
Mean:     1.54446e+09
Max:      3088912691
StdDev:  ±1.54446e+09
