s116-for.body3
Count:    1
Min:      3087909389
Median:   8003586
Mean:     1.54395e+09
Max:      3087909389
StdDev:  ±1.54395e+09
