s116-for.body3
Count:    1
Min:      3312111109
Median:   8003586
Mean:     1.65606e+09
Max:      3312111109
StdDev:  ±1.65606e+09
