s116-for.body3
Count:    1
Min:      3090088296
Median:   8003586
Mean:     1.54504e+09
Max:      3090088296
StdDev:  ±1.54504e+09
