s116-for.body3
Count:    1
Min:      3087292690
Median:   8003586
Mean:     1.54365e+09
Max:      3087292690
StdDev:  ±1.54365e+09
