s116-for.body3
Count:    1
Min:      3081763749
Median:   8003586
Mean:     1.54088e+09
Max:      3081763749
StdDev:  ±1.54088e+09
