kernel_dynprog-for.body31
Count:    2
Min:      1433810063
Median:   1433810063
Mean:     1.43521e+09
Max:      1436604426
StdDev:  ±1.39718e+06
