kernel_dynprog-for.body31
Count:    2
Min:      1443064894
Median:   1443064894
Mean:     1.44473e+09
Max:      1446392274
StdDev:  ±1.66369e+06
