fib-if.else
Count:    1
Min:      28904158278
Median:   8003586
Mean:     1.44521e+10
Max:      28904158278
StdDev:  ±1.44521e+10
