fib-if.else
Count:    1
Min:      31120160988
Median:   8003586
Mean:     1.55601e+10
Max:      31120160988
StdDev:  ±1.55601e+10
