fib-if.else
Count:    1
Min:      31120303145
Median:   8003586
Mean:     1.55602e+10
Max:      31120303145
StdDev:  ±1.55602e+10
