fib-if.else
Count:    1
Min:      28903307325
Median:   8003586
Mean:     1.44517e+10
Max:      28903307325
StdDev:  ±1.44517e+10
