fib-if.else
Count:    1
Min:      28904754317
Median:   8003586
Mean:     1.44524e+10
Max:      28904754317
StdDev:  ±1.44524e+10
