fib-if.else
Count:    1
Min:      31119170188
Median:   8003586
Mean:     1.55596e+10
Max:      31119170188
StdDev:  ±1.55596e+10
