fib-if.else
Count:    1
Min:      31123206892
Median:   8003586
Mean:     1.55616e+10
Max:      31123206892
StdDev:  ±1.55616e+10
