fib-if.else
Count:    1
Min:      28873779469
Median:   8003586
Mean:     1.44369e+10
Max:      28873779469
StdDev:  ±1.44369e+10
