fib-if.else
Count:    1
Min:      28874835693
Median:   8003586
Mean:     1.44374e+10
Max:      28874835693
StdDev:  ±1.44374e+10
