fib-if.else
Count:    1
Min:      31121106434
Median:   8003586
Mean:     1.55606e+10
Max:      31121106434
StdDev:  ±1.55606e+10
