fib-if.else
Count:    1
Min:      31117469035
Median:   8003586
Mean:     1.55587e+10
Max:      31117469035
StdDev:  ±1.55587e+10
