initarray-while.body
Count:    3
Min:      19473409
Median:   19473409
Mean:     2.09968e+07
Max:      25562550
StdDev:  ±2.15435e+06
