initarray-while.body
Count:    3
Min:      19460440
Median:   19460440
Mean:     2.09355e+07
Max:      25268853
StdDev:  ±2.02114e+06
