initarray-while.body
Count:    3
Min:      19479400
Median:   19479400
Mean:     2.09657e+07
Max:      25367188
StdDev:  ±2.06139e+06
