initarray-while.body
Count:    3
Min:      19473097
Median:   19473097
Mean:     2.10233e+07
Max:      25661978
StdDev:  ±2.18394e+06
