initarray-while.body
Count:    3
Min:      19462887
Median:   19462887
Mean:     2.10372e+07
Max:      25674475
StdDev:  ±2.16578e+06
