initarray-while.body
Count:    3
Min:      19465022
Median:   19465022
Mean:     2.08501e+07
Max:      24955102
StdDev:  ±1.95881e+06
