initarray-while.body
Count:    3
Min:      19459605
Median:   19459605
Mean:     2.11035e+07
Max:      25992650
StdDev:  ±2.32477e+06
