s127-for.body3
Count:    1
Min:      8616623077
Median:   8003586
Mean:     4.30831e+09
Max:      8616623077
StdDev:  ±4.30831e+09
