s127-for.body3
Count:    1
Min:      8314432932
Median:   8003586
Mean:     4.15722e+09
Max:      8314432932
StdDev:  ±4.15722e+09
