s127-for.body3
Count:    1
Min:      7732361430
Median:   8003586
Mean:     3.86618e+09
Max:      7732361430
StdDev:  ±3.86618e+09
