s127-for.body3
Count:    1
Min:      7974328463
Median:   8003586
Mean:     3.98716e+09
Max:      7974328463
StdDev:  ±3.98716e+09
