s352-for.body3
Count:    1
Min:      6513705193
Median:   8003586
Mean:     3.25685e+09
Max:      6513705193
StdDev:  ±3.25685e+09
