s352-for.body3
Count:    1
Min:      6260104856
Median:   8003586
Mean:     3.13005e+09
Max:      6260104856
StdDev:  ±3.13005e+09
