s352-for.body3
Count:    1
Min:      5558121629
Median:   8003586
Mean:     2.77906e+09
Max:      5558121629
StdDev:  ±2.77906e+09
