s352-for.body3
Count:    1
Min:      6003563369
Median:   8003586
Mean:     3.00178e+09
Max:      6003563369
StdDev:  ±3.00178e+09
