main-for.body
Count:    1
Min:      2426158623
Median:   8003586
Mean:     1.21308e+09
Max:      2426158623
StdDev:  ±1.21308e+09
