main-for.body
Count:    1
Min:      2426236190
Median:   8003586
Mean:     1.21312e+09
Max:      2426236190
StdDev:  ±1.21312e+09
