main-for.body
Count:    1
Min:      2455170757
Median:   8003586
Mean:     1.22759e+09
Max:      2455170757
StdDev:  ±1.22759e+09
