main-for.body
Count:    1
Min:      2454815619
Median:   8003586
Mean:     1.22741e+09
Max:      2454815619
StdDev:  ±1.22741e+09
