main-for.body
Count:    1
Min:      2743514892
Median:   8003586
Mean:     1.37176e+09
Max:      2743514892
StdDev:  ±1.37176e+09
