main-for.body
Count:    1
Min:      2539772615
Median:   8003586
Mean:     1.26989e+09
Max:      2539772615
StdDev:  ±1.26989e+09
