main-for.body
Count:    1
Min:      2541153614
Median:   8003586
Mean:     1.27058e+09
Max:      2541153614
StdDev:  ±1.27058e+09
