main-for.body
Count:    1
Min:      2714515768
Median:   8003586
Mean:     1.35726e+09
Max:      2714515768
StdDev:  ±1.35726e+09
