main-for.body
Count:    1
Min:      2715148428
Median:   8003586
Mean:     1.35757e+09
Max:      2715148428
StdDev:  ±1.35757e+09
