main-for.body
Count:    1
Min:      2484419327
Median:   8003586
Mean:     1.24221e+09
Max:      2484419327
StdDev:  ±1.24221e+09
