main-for.body
Count:    1
Min:      2483168930
Median:   8003586
Mean:     1.24158e+09
Max:      2483168930
StdDev:  ±1.24158e+09
