main-for.body
Count:    1
Min:      2685437017
Median:   8003586
Mean:     1.34272e+09
Max:      2685437017
StdDev:  ±1.34272e+09
