main-for.body
Count:    1
Min:      2686834883
Median:   8003586
Mean:     1.34342e+09
Max:      2686834883
StdDev:  ±1.34342e+09
