main-for.body
Count:    1
Min:      2570534650
Median:   8003586
Mean:     1.28527e+09
Max:      2570534650
StdDev:  ±1.28527e+09
