main-for.body
Count:    1
Min:      2570773882
Median:   8003586
Mean:     1.28539e+09
Max:      2570773882
StdDev:  ±1.28539e+09
