main-for.body
Count:    1
Min:      2946366619
Median:   8003586
Mean:     1.47318e+09
Max:      2946366619
StdDev:  ±1.47318e+09
