main-for.body
Count:    1
Min:      2946315005
Median:   8003586
Mean:     1.47316e+09
Max:      2946315005
StdDev:  ±1.47316e+09
