main-for.body
Count:    1
Min:      2513176824
Median:   8003586
Mean:     1.25659e+09
Max:      2513176824
StdDev:  ±1.25659e+09
