main-for.body
Count:    1
Min:      2513777356
Median:   8003586
Mean:     1.25689e+09
Max:      2513777356
StdDev:  ±1.25689e+09
