main-for.body
Count:    1
Min:      2830436125
Median:   8003586
Mean:     1.41522e+09
Max:      2830436125
StdDev:  ±1.41522e+09
