main-for.body
Count:    1
Min:      2830082435
Median:   8003586
Mean:     1.41504e+09
Max:      2830082435
StdDev:  ±1.41504e+09
