kernel_cholesky_StrictFP-for.body31.us
Count:    1
Min:      1911468509
Median:   8003586
Mean:     9.55734e+08
Max:      1911468509
StdDev:  ±9.55734e+08
