kernel_cholesky_StrictFP-for.body31.us
Count:    1
Min:      2042889656
Median:   8003586
Mean:     1.02144e+09
Max:      2042889656
StdDev:  ±1.02144e+09
