kernel_cholesky_StrictFP-for.body31.us
Count:    1
Min:      2043956625
Median:   8003586
Mean:     1.02198e+09
Max:      2043956625
StdDev:  ±1.02198e+09
