kernel_cholesky_StrictFP-for.body31.us
Count:    1
Min:      2051142117
Median:   8003586
Mean:     1.02557e+09
Max:      2051142117
StdDev:  ±1.02557e+09
