kernel_cholesky_StrictFP-for.body31.us
Count:    1
Min:      2049450667
Median:   8003586
Mean:     1.02473e+09
Max:      2049450667
StdDev:  ±1.02473e+09
