kernel_cholesky_StrictFP-for.body31.us
Count:    1
Min:      2051385185
Median:   8003586
Mean:     1.02569e+09
Max:      2051385185
StdDev:  ±1.02569e+09
