kernel_cholesky_StrictFP-for.body31.us
Count:    1
Min:      1911426462
Median:   8003586
Mean:     9.55713e+08
Max:      1911426462
StdDev:  ±9.55713e+08
