kernel_cholesky_StrictFP-for.body31.us
Count:    1
Min:      2040960094
Median:   8003586
Mean:     1.02048e+09
Max:      2040960094
StdDev:  ±1.02048e+09
