kernel_cholesky_StrictFP-for.body31.us
Count:    1
Min:      1911318532
Median:   8003586
Mean:     9.55659e+08
Max:      1911318532
StdDev:  ±9.55659e+08
