kernel_cholesky_StrictFP-for.body31.us
Count:    1
Min:      2045105037
Median:   8003586
Mean:     1.02255e+09
Max:      2045105037
StdDev:  ±1.02255e+09
