kernel_cholesky_StrictFP-for.body31.us
Count:    1
Min:      2041528386
Median:   8003586
Mean:     1.02076e+09
Max:      2041528386
StdDev:  ±1.02076e+09
