kernel_cholesky_StrictFP-for.body31.us
Count:    1
Min:      1910218940
Median:   8003586
Mean:     9.55109e+08
Max:      1910218940
StdDev:  ±9.55109e+08
