runcont-for.body22
Count:    30
Min:      1057000
Median:   1061000
Mean:     7.17012e+06
Max:      85583000
StdDev:  ±1.76131e+07
