runcont-for.body22
Count:    30
Min:      1058000
Median:   1061000
Mean:     7.16586e+06
Max:      85493000
StdDev:  ±1.75976e+07
