runcont-for.body22
Count:    30
Min:      1020000
Median:   1025000
Mean:     6.91914e+06
Max:      82568000
StdDev:  ±1.69933e+07
