runcont-for.body22
Count:    30
Min:      1039000
Median:   1043000
Mean:     7.04781e+06
Max:      84133000
StdDev:  ±1.73138e+07
