runcont-for.body22
Count:    30
Min:      985000
Median:   988000
Mean:     6.67841e+06
Max:      79718000
StdDev:  ±1.64055e+07
