runcont-for.body22
Count:    30
Min:      1039000
Median:   1042000
Mean:     7.04312e+06
Max:      84054000
StdDev:  ±1.72997e+07
