runcont-for.body22
Count:    30
Min:      1057000
Median:   1061000
Mean:     7.17107e+06
Max:      85582000
StdDev:  ±1.76141e+07
