runcont-for.body22
Count:    30
Min:      1057000
Median:   1061000
Mean:     7.17102e+06
Max:      85581000
StdDev:  ±1.76138e+07
