runcont-for.body22
Count:    30
Min:      1066000
Median:   1070000
Mean:     7.22747e+06
Max:      86236000
StdDev:  ±1.77503e+07
