runcont-for.body22
Count:    30
Min:      1066000
Median:   1070000
Mean:     7.22731e+06
Max:      86228000
StdDev:  ±1.77492e+07
