smooth-for.body241.us
Count:    400
Min:      42000
Median:   44000
Mean:     4.85561e+06
Max:      42359000
StdDev:  ±1.25123e+07
