smooth-for.body241.us
Count:    400
Min:      41000
Median:   43000
Mean:     4.37517e+06
Max:      38163000
StdDev:  ±1.12697e+07
