smooth-for.body241.us
Count:    400
Min:      41000
Median:   42000
Mean:     4.53934e+06
Max:      39615000
StdDev:  ±1.16991e+07
