smooth-for.body241.us
Count:    400
Min:      42000
Median:   43000
Mean:     4.76309e+06
Max:      41558000
StdDev:  ±1.22742e+07
