smooth-for.body241.us
Count:    400
Min:      41000
Median:   43000
Mean:     4.60072e+06
Max:      40118000
StdDev:  ±1.18491e+07
