smooth-for.body241.us
Count:    400
Min:      42000
Median:   44000
Mean:     4.76165e+06
Max:      41541000
StdDev:  ±1.22699e+07
