smooth-for.body241.us
Count:    400
Min:      42000
Median:   44000
Mean:     5.01546e+06
Max:      43785000
StdDev:  ±1.29337e+07
