smooth-for.body241.us
Count:    400
Min:      42000
Median:   43000
Mean:     4.75826e+06
Max:      41517000
StdDev:  ±1.22631e+07
