smooth-for.body241.us
Count:    400
Min:      42000
Median:   44000
Mean:     4.93527e+06
Max:      43068000
StdDev:  ±1.27208e+07
