smooth-for.body241.us
Count:    400
Min:      42000
Median:   44000
Mean:     4.93512e+06
Max:      43063000
StdDev:  ±1.27206e+07
