smooth-for.body241.us
Count:    400
Min:      42000
Median:   44000
Mean:     4.77006e+06
Max:      41615000
StdDev:  ±1.22919e+07
