main-for.body9
Count:    1
Min:      4398072928
Median:   8003586
Mean:     2.19904e+09
Max:      4398072928
StdDev:  ±2.19904e+09
