main-for.body9
Count:    1
Min:      4398281659
Median:   8003586
Mean:     2.19914e+09
Max:      4398281659
StdDev:  ±2.19914e+09
