main-for.body9
Count:    1
Min:      4170566205
Median:   8003586
Mean:     2.08528e+09
Max:      4170566205
StdDev:  ±2.08528e+09
