main-for.body9
Count:    1
Min:      4172871784
Median:   8003586
Mean:     2.08644e+09
Max:      4172871784
StdDev:  ±2.08644e+09
