main-for.body9
Count:    1
Min:      4170763576
Median:   8003586
Mean:     2.08538e+09
Max:      4170763576
StdDev:  ±2.08538e+09
