main-for.body9
Count:    1
Min:      4173289847
Median:   8003586
Mean:     2.08664e+09
Max:      4173289847
StdDev:  ±2.08664e+09
