main-for.body9
Count:    1
Min:      4171563061
Median:   8003586
Mean:     2.08578e+09
Max:      4171563061
StdDev:  ±2.08578e+09
