main-for.body9
Count:    1
Min:      4171322601
Median:   8003586
Mean:     2.08566e+09
Max:      4171322601
StdDev:  ±2.08566e+09
