main-for.body9
Count:    1
Min:      3609537480
Median:   8003586
Mean:     1.80477e+09
Max:      3609537480
StdDev:  ±1.80477e+09
