main-for.body9
Count:    1
Min:      3609723542
Median:   8003586
Mean:     1.80486e+09
Max:      3609723542
StdDev:  ±1.80486e+09
