main-for.body9
Count:    1
Min:      3721589389
Median:   8003586
Mean:     1.86079e+09
Max:      3721589389
StdDev:  ±1.86079e+09
