main-for.body9
Count:    1
Min:      3723260095
Median:   8003586
Mean:     1.86163e+09
Max:      3723260095
StdDev:  ±1.86163e+09
