main-for.body9
Count:    1
Min:      4172257194
Median:   8003586
Mean:     2.08613e+09
Max:      4172257194
StdDev:  ±2.08613e+09
