main-for.body9
Count:    1
Min:      3833101019
Median:   8003586
Mean:     1.91655e+09
Max:      3833101019
StdDev:  ±1.91655e+09
