main-for.body9
Count:    1
Min:      3834893346
Median:   8003586
Mean:     1.91745e+09
Max:      3834893346
StdDev:  ±1.91745e+09
