main-for.body9
Count:    1
Min:      3832932765
Median:   8003586
Mean:     1.91647e+09
Max:      3832932765
StdDev:  ±1.91647e+09
