main-for.body9
Count:    1
Min:      3835158530
Median:   8003586
Mean:     1.91758e+09
Max:      3835158530
StdDev:  ±1.91758e+09
