main-for.body9
Count:    1
Min:      4285961545
Median:   8003586
Mean:     2.14298e+09
Max:      4285961545
StdDev:  ±2.14298e+09
