s4114-for.body3.us
Count:    1
Min:      11919701686
Median:   8003586
Mean:     5.95985e+09
Max:      11919701686
StdDev:  ±5.95985e+09
