s4114-for.body3.us
Count:    1
Min:      11747977811
Median:   8003586
Mean:     5.87399e+09
Max:      11747977811
StdDev:  ±5.87399e+09
