s4114-for.body3.us
Count:    1
Min:      11834448871
Median:   8003586
Mean:     5.91722e+09
Max:      11834448871
StdDev:  ±5.91722e+09
