s4114-for.body3.us
Count:    1
Min:      12081892021
Median:   8003586
Mean:     6.04095e+09
Max:      12081892021
StdDev:  ±6.04095e+09
