s4114-for.body3.us
Count:    1
Min:      12113814721
Median:   8003586
Mean:     6.05691e+09
Max:      12113814721
StdDev:  ±6.05691e+09
