s4114-for.body3.us
Count:    1
Min:      11997360290
Median:   8003586
Mean:     5.99868e+09
Max:      11997360290
StdDev:  ±5.99868e+09
