s235-for.body11
Count:    1
Min:      5391169423
Median:   8003586
Mean:     2.69558e+09
Max:      5391169423
StdDev:  ±2.69558e+09
