s235-for.body11
Count:    1
Min:      5482756304
Median:   8003586
Mean:     2.74138e+09
Max:      5482756304
StdDev:  ±2.74138e+09
