s235-for.body11
Count:    1
Min:      5198048630
Median:   8003586
Mean:     2.59902e+09
Max:      5198048630
StdDev:  ±2.59902e+09
