s235-for.body11
Count:    1
Min:      5215943176
Median:   8003586
Mean:     2.60797e+09
Max:      5215943176
StdDev:  ±2.60797e+09
