benchmark_heapsort-land.lhs.true
Count:    1
Min:      13655022981
Median:   8003586
Mean:     6.82751e+09
Max:      13655022981
StdDev:  ±6.82751e+09
