benchmark_heapsort-land.lhs.true
Count:    1
Min:      13831985307
Median:   8003586
Mean:     6.91599e+09
Max:      13831985307
StdDev:  ±6.91599e+09
