benchmark_heapsort-land.lhs.true
Count:    1
Min:      13818183728
Median:   8003586
Mean:     6.90909e+09
Max:      13818183728
StdDev:  ±6.90909e+09
