benchmark_heapsort-land.lhs.true
Count:    1
Min:      13799982939
Median:   8003586
Mean:     6.89999e+09
Max:      13799982939
StdDev:  ±6.89999e+09
