benchmark_heapsort-land.lhs.true
Count:    1
Min:      13770156723
Median:   8003586
Mean:     6.88508e+09
Max:      13770156723
StdDev:  ±6.88508e+09
