benchmark_heapsort-land.lhs.true
Count:    1
Min:      13662308734
Median:   8003586
Mean:     6.83115e+09
Max:      13662308734
StdDev:  ±6.83115e+09
