benchmark_heapsort-land.lhs.true
Count:    1
Min:      13625453381
Median:   8003586
Mean:     6.81273e+09
Max:      13625453381
StdDev:  ±6.81273e+09
