benchmark_heapsort-land.lhs.true
Count:    1
Min:      13702726947
Median:   8003586
Mean:     6.85136e+09
Max:      13702726947
StdDev:  ±6.85136e+09
