benchmark_heapsort-land.lhs.true
Count:    1
Min:      13758231190
Median:   8003586
Mean:     6.87912e+09
Max:      13758231190
StdDev:  ±6.87912e+09
