main-for.body
Count:    1
Min:      14649382310
Median:   8003586
Mean:     7.32469e+09
Max:      14649382310
StdDev:  ±7.32469e+09
