main-for.body
Count:    1
Min:      14654292213
Median:   8003586
Mean:     7.32715e+09
Max:      14654292213
StdDev:  ±7.32715e+09
