main-for.body
Count:    1
Min:      14650499236
Median:   8003586
Mean:     7.32525e+09
Max:      14650499236
StdDev:  ±7.32525e+09
