main-for.body
Count:    1
Min:      14653017193
Median:   8003586
Mean:     7.32651e+09
Max:      14653017193
StdDev:  ±7.32651e+09
