main-for.body
Count:    1
Min:      14653382505
Median:   8003586
Mean:     7.32669e+09
Max:      14653382505
StdDev:  ±7.32669e+09
