main-for.body
Count:    1
Min:      14652875348
Median:   8003586
Mean:     7.32644e+09
Max:      14652875348
StdDev:  ±7.32644e+09
