s211-for.body3
Count:    1
Min:      14495095652
Median:   8003586
Mean:     7.24755e+09
Max:      14495095652
StdDev:  ±7.24755e+09
