s211-for.body3
Count:    1
Min:      14389092552
Median:   8003586
Mean:     7.19455e+09
Max:      14389092552
StdDev:  ±7.19455e+09
