s211-for.body3
Count:    1
Min:      14805151414
Median:   8003586
Mean:     7.40258e+09
Max:      14805151414
StdDev:  ±7.40258e+09
