main-vector.body31
Count:    1
Min:      9392911597
Median:   8003586
Mean:     4.69646e+09
Max:      9392911597
StdDev:  ±4.69646e+09
