main-vector.body31
Count:    1
Min:      9412103425
Median:   8003586
Mean:     4.70605e+09
Max:      9412103425
StdDev:  ±4.70605e+09
