Proc0-while.end
Count:    1
Min:      15153284461
Median:   8003586
Mean:     7.57664e+09
Max:      15153284461
StdDev:  ±7.57664e+09
