Proc0-while.end
Count:    1
Min:      15165698682
Median:   8003586
Mean:     7.58285e+09
Max:      15165698682
StdDev:  ±7.58285e+09
