Proc0-while.end
Count:    1
Min:      14944644856
Median:   8003586
Mean:     7.47232e+09
Max:      14944644856
StdDev:  ±7.47232e+09
