Proc0-while.end
Count:    1
Min:      15230922922
Median:   8003586
Mean:     7.61546e+09
Max:      15230922922
StdDev:  ±7.61546e+09
