Proc0-while.end
Count:    1
Min:      15160182179
Median:   8003586
Mean:     7.58009e+09
Max:      15160182179
StdDev:  ±7.58009e+09
