Proc0-while.end
Count:    1
Min:      15156761128
Median:   8003586
Mean:     7.57838e+09
Max:      15156761128
StdDev:  ±7.57838e+09
