Proc0-while.end
Count:    1
Min:      15154418225
Median:   8003586
Mean:     7.57721e+09
Max:      15154418225
StdDev:  ±7.57721e+09
