kernel_bicg_StrictFP-for.body8
Count:    1
Min:      375155866
Median:   8003586
Mean:     1.87578e+08
Max:      375155866
StdDev:  ±1.87578e+08
