kernel_bicg_StrictFP-for.body8
Count:    1
Min:      375257394
Median:   8003586
Mean:     1.87629e+08
Max:      375257394
StdDev:  ±1.87629e+08
