kernel_bicg_StrictFP-for.body8
Count:    1
Min:      375495660
Median:   8003586
Mean:     1.87748e+08
Max:      375495660
StdDev:  ±1.87748e+08
