kernel_bicg_StrictFP-for.body8
Count:    1
Min:      374968013
Median:   8003586
Mean:     1.87484e+08
Max:      374968013
StdDev:  ±1.87484e+08
