kernel_bicg_StrictFP-for.body8
Count:    1
Min:      375423567
Median:   8003586
Mean:     1.87712e+08
Max:      375423567
StdDev:  ±1.87712e+08
