kernel_bicg_StrictFP-for.body8
Count:    1
Min:      375401934
Median:   8003586
Mean:     1.87701e+08
Max:      375401934
StdDev:  ±1.87701e+08
