kernel_bicg_StrictFP-for.body8
Count:    1
Min:      375658539
Median:   8003586
Mean:     1.87829e+08
Max:      375658539
StdDev:  ±1.87829e+08
