kernel_cholesky_StrictFP-for.body31.us
Count:    1
Min:      1963626783
Median:   8003586
Mean:     9.81813e+08
Max:      1963626783
StdDev:  ±9.81813e+08
