kernel_cholesky_StrictFP-for.body31.us
Count:    1
Min:      1966321549
Median:   8003586
Mean:     9.83161e+08
Max:      1966321549
StdDev:  ±9.83161e+08
