kernel_cholesky_StrictFP-for.body31.us
Count:    1
Min:      1951054355
Median:   8003586
Mean:     9.75527e+08
Max:      1951054355
StdDev:  ±9.75527e+08
