kernel_cholesky_StrictFP-for.body31.us
Count:    1
Min:      1952862986
Median:   8003586
Mean:     9.76431e+08
Max:      1952862986
StdDev:  ±9.76431e+08
