kernel_cholesky_StrictFP-for.body31.us
Count:    1
Min:      1951252790
Median:   8003586
Mean:     9.75626e+08
Max:      1951252790
StdDev:  ±9.75626e+08
