kernel_cholesky_StrictFP-for.body31.us
Count:    1
Min:      1944627272
Median:   8003586
Mean:     9.72314e+08
Max:      1944627272
StdDev:  ±9.72314e+08
