kernel_cholesky_StrictFP-for.body31.us
Count:    1
Min:      1960258996
Median:   8003586
Mean:     9.80129e+08
Max:      1960258996
StdDev:  ±9.80129e+08
