find-for.body
Count:    1
Min:      4815910029
Median:   8003586
Mean:     2.40796e+09
Max:      4815910029
StdDev:  ±2.40796e+09
