find-for.body
Count:    1
Min:      4815486612
Median:   8003586
Mean:     2.40774e+09
Max:      4815486612
StdDev:  ±2.40774e+09
