find-for.body
Count:    1
Min:      4816296513
Median:   8003586
Mean:     2.40815e+09
Max:      4816296513
StdDev:  ±2.40815e+09
