find-for.body
Count:    1
Min:      4814232385
Median:   8003586
Mean:     2.40712e+09
Max:      4814232385
StdDev:  ±2.40712e+09
