find-for.body
Count:    1
Min:      4815417039
Median:   8003586
Mean:     2.40771e+09
Max:      4815417039
StdDev:  ±2.40771e+09
