find-for.body
Count:    1
Min:      4813970944
Median:   8003586
Mean:     2.40699e+09
Max:      4813970944
StdDev:  ±2.40699e+09
