find-for.body
Count:    1
Min:      4816476926
Median:   8003586
Mean:     2.40824e+09
Max:      4816476926
StdDev:  ±2.40824e+09
