find-for.body
Count:    1
Min:      4815643949
Median:   8003586
Mean:     2.40782e+09
Max:      4815643949
StdDev:  ±2.40782e+09
