find-for.body
Count:    1
Min:      4815821463
Median:   8003586
Mean:     2.40791e+09
Max:      4815821463
StdDev:  ±2.40791e+09
