find-for.body
Count:    1
Min:      4814289129
Median:   8003586
Mean:     2.40714e+09
Max:      4814289129
StdDev:  ±2.40714e+09
