find-for.body
Count:    1
Min:      4816355689
Median:   8003586
Mean:     2.40818e+09
Max:      4816355689
StdDev:  ±2.40818e+09
