find-for.body
Count:    1
Min:      4815133558
Median:   8003586
Mean:     2.40757e+09
Max:      4815133558
StdDev:  ±2.40757e+09
