find-for.body
Count:    1
Min:      4821564138
Median:   8003586
Mean:     2.41078e+09
Max:      4821564138
StdDev:  ±2.41078e+09
