tak-if.then
Count:    1
Min:      3385336650
Median:   8003586
Mean:     1.69267e+09
Max:      3385336650
StdDev:  ±1.69267e+09
