tak-if.then
Count:    1
Min:      3388563283
Median:   8003586
Mean:     1.69428e+09
Max:      3388563283
StdDev:  ±1.69428e+09
