tak-if.then
Count:    1
Min:      3399914811
Median:   8003586
Mean:     1.69996e+09
Max:      3399914811
StdDev:  ±1.69996e+09
