tak-if.then
Count:    1
Min:      3385378365
Median:   8003586
Mean:     1.69269e+09
Max:      3385378365
StdDev:  ±1.69269e+09
