tak-if.then
Count:    1
Min:      3385845961
Median:   8003586
Mean:     1.69292e+09
Max:      3385845961
StdDev:  ±1.69292e+09
