tak-if.then
Count:    1
Min:      3384320828
Median:   8003586
Mean:     1.69216e+09
Max:      3384320828
StdDev:  ±1.69216e+09
