tak-if.then
Count:    1
Min:      3384290459
Median:   8003586
Mean:     1.69215e+09
Max:      3384290459
StdDev:  ±1.69215e+09
