tak-if.then
Count:    1
Min:      1773912618
Median:   8003586
Mean:     8.86956e+08
Max:      1773912618
StdDev:  ±8.86956e+08
