tak-if.then
Count:    1
Min:      1773158475
Median:   8003586
Mean:     8.86579e+08
Max:      1773158475
StdDev:  ±8.86579e+08
