tak-if.then
Count:    1
Min:      1773475692
Median:   8003586
Mean:     8.86738e+08
Max:      1773475692
StdDev:  ±8.86738e+08
