tak-if.then
Count:    1
Min:      1773581835
Median:   8003586
Mean:     8.86791e+08
Max:      1773581835
StdDev:  ±8.86791e+08
