tak-if.then
Count:    1
Min:      1773675354
Median:   8003586
Mean:     8.86838e+08
Max:      1773675354
StdDev:  ±8.86838e+08
