tak-if.then
Count:    1
Min:      1773214262
Median:   8003586
Mean:     8.86607e+08
Max:      1773214262
StdDev:  ±8.86607e+08
