tak-if.then
Count:    1
Min:      1773390838
Median:   8003586
Mean:     8.86695e+08
Max:      1773390838
StdDev:  ±8.86695e+08
