kernel_cholesky_StrictFP-for.body31.us
Count:    1
Min:      502288000
Median:   8000017
Mean:     2.51144e+08
Max:      502288000
StdDev:  ±2.51144e+08
