kernel_cholesky_StrictFP-for.body31.us
Count:    1
Min:      501333000
Median:   8000017
Mean:     2.50666e+08
Max:      501333000
StdDev:  ±2.50666e+08
