kernel_cholesky_StrictFP-for.body31.us
Count:    1
Min:      501028000
Median:   8000017
Mean:     2.50514e+08
Max:      501028000
StdDev:  ±2.50514e+08
