kernel_cholesky_StrictFP-for.body31.us
Count:    1
Min:      500748000
Median:   8000017
Mean:     2.50374e+08
Max:      500748000
StdDev:  ±2.50374e+08
