kernel_cholesky_StrictFP-for.body31.us
Count:    1
Min:      500651000
Median:   8000017
Mean:     2.50326e+08
Max:      500651000
StdDev:  ±2.50326e+08
