kernel_cholesky_StrictFP-for.body31.us
Count:    1
Min:      500644000
Median:   8000017
Mean:     2.50322e+08
Max:      500644000
StdDev:  ±2.50322e+08
