kernel_cholesky_StrictFP-for.body31.us
Count:    1
Min:      502098000
Median:   8000017
Mean:     2.51049e+08
Max:      502098000
StdDev:  ±2.51049e+08
