kernel_cholesky_StrictFP-for.body31.us
Count:    1
Min:      502123000
Median:   8000017
Mean:     2.51062e+08
Max:      502123000
StdDev:  ±2.51062e+08
