kernel_cholesky_StrictFP-for.body31.us
Count:    1
Min:      500086000
Median:   8000017
Mean:     2.50043e+08
Max:      500086000
StdDev:  ±2.50043e+08
