kernel_cholesky_StrictFP-for.body31.us
Count:    1
Min:      499930000
Median:   8000017
Mean:     2.49965e+08
Max:      499930000
StdDev:  ±2.49965e+08
