kernel_cholesky_StrictFP-for.body31.us
Count:    1
Min:      503688000
Median:   8000017
Mean:     2.51844e+08
Max:      503688000
StdDev:  ±2.51844e+08
