kernel_cholesky_StrictFP-for.body31.us
Count:    1
Min:      503675000
Median:   8000017
Mean:     2.51838e+08
Max:      503675000
StdDev:  ±2.51838e+08
