kernel_cholesky_StrictFP-for.body31.us
Count:    1
Min:      504802000
Median:   8000017
Mean:     2.52401e+08
Max:      504802000
StdDev:  ±2.52401e+08
