kernel_cholesky_StrictFP-for.body31.us
Count:    1
Min:      504697000
Median:   8000017
Mean:     2.52348e+08
Max:      504697000
StdDev:  ±2.52348e+08
