kernel_cholesky_StrictFP-for.body31.us
Count:    1
Min:      506072000
Median:   8000017
Mean:     2.53036e+08
Max:      506072000
StdDev:  ±2.53036e+08
