kernel_cholesky_StrictFP-for.body31.us
Count:    1
Min:      506114000
Median:   8000017
Mean:     2.53057e+08
Max:      506114000
StdDev:  ±2.53057e+08
