kernel_cholesky_StrictFP-for.body31.us
Count:    1
Min:      502111000
Median:   8000017
Mean:     2.51056e+08
Max:      502111000
StdDev:  ±2.51056e+08
