vdotr-for.body3
Count:    1
Min:      4591639646
Median:   8003586
Mean:     2.29582e+09
Max:      4591639646
StdDev:  ±2.29582e+09
