vdotr-for.body3
Count:    1
Min:      4641367001
Median:   8003586
Mean:     2.32068e+09
Max:      4641367001
StdDev:  ±2.32068e+09
