vdotr-for.body3
Count:    1
Min:      4899956725
Median:   8003586
Mean:     2.44998e+09
Max:      4899956725
StdDev:  ±2.44998e+09
