vdotr-for.body3
Count:    1
Min:      5001461770
Median:   8003586
Mean:     2.50073e+09
Max:      5001461770
StdDev:  ±2.50073e+09
