vdotr-for.body3
Count:    1
Min:      4937384185
Median:   8003586
Mean:     2.46869e+09
Max:      4937384185
StdDev:  ±2.46869e+09
