vdotr-for.body3
Count:    1
Min:      4976500904
Median:   8003586
Mean:     2.48825e+09
Max:      4976500904
StdDev:  ±2.48825e+09
