vdotr-for.body3
Count:    1
Min:      4906153958
Median:   8003586
Mean:     2.45308e+09
Max:      4906153958
StdDev:  ±2.45308e+09
