vdotr-for.body3
Count:    1
Min:      4975033120
Median:   8003586
Mean:     2.48752e+09
Max:      4975033120
StdDev:  ±2.48752e+09
