vdotr-for.body3
Count:    1
Min:      4665082482
Median:   8003586
Mean:     2.33254e+09
Max:      4665082482
StdDev:  ±2.33254e+09
