vdotr-for.body3
Count:    1
Min:      4946727341
Median:   8003586
Mean:     2.47336e+09
Max:      4946727341
StdDev:  ±2.47336e+09
