vdotr-for.body3
Count:    1
Min:      4976337792
Median:   8003586
Mean:     2.48817e+09
Max:      4976337792
StdDev:  ±2.48817e+09
