vdotr-for.body3
Count:    1
Min:      4946131910
Median:   8003586
Mean:     2.47307e+09
Max:      4946131910
StdDev:  ±2.47307e+09
