vdotr-for.body3
Count:    1
Min:      4951302125
Median:   8003586
Mean:     2.47565e+09
Max:      4951302125
StdDev:  ±2.47565e+09
