vdotr-for.body3
Count:    1
Min:      5058610818
Median:   8003586
Mean:     2.52931e+09
Max:      5058610818
StdDev:  ±2.52931e+09
