kernel_gemver_StrictFP-for.body68
Count:    1
Min:      341342000
Median:   8000017
Mean:     1.70671e+08
Max:      341342000
StdDev:  ±1.70671e+08
