kernel_gemver_StrictFP-for.body68
Count:    1
Min:      341346000
Median:   8000017
Mean:     1.70673e+08
Max:      341346000
StdDev:  ±1.70673e+08
