kernel_gemver_StrictFP-for.body68
Count:    1
Min:      340605000
Median:   8000017
Mean:     1.70302e+08
Max:      340605000
StdDev:  ±1.70302e+08
