kernel_gemver_StrictFP-for.body68
Count:    1
Min:      340715000
Median:   8000017
Mean:     1.70358e+08
Max:      340715000
StdDev:  ±1.70358e+08
