kernel_gemver_StrictFP-for.body68
Count:    1
Min:      340695000
Median:   8000017
Mean:     1.70348e+08
Max:      340695000
StdDev:  ±1.70348e+08
