kernel_gemver_StrictFP-for.body68
Count:    1
Min:      340518000
Median:   8000017
Mean:     1.70259e+08
Max:      340518000
StdDev:  ±1.70259e+08
