kernel_gemver_StrictFP-for.body68
Count:    1
Min:      341331000
Median:   8000017
Mean:     1.70666e+08
Max:      341331000
StdDev:  ±1.70666e+08
