kernel_gemver_StrictFP-for.body68
Count:    1
Min:      341355000
Median:   8000017
Mean:     1.70678e+08
Max:      341355000
StdDev:  ±1.70678e+08
