kernel_gemver_StrictFP-for.body68
Count:    1
Min:      341373000
Median:   8000017
Mean:     1.70686e+08
Max:      341373000
StdDev:  ±1.70686e+08
