kernel_gemver_StrictFP-for.body68
Count:    1
Min:      341304000
Median:   8000017
Mean:     1.70652e+08
Max:      341304000
StdDev:  ±1.70652e+08
