kernel_gemver_StrictFP-for.body68
Count:    1
Min:      341349000
Median:   8000017
Mean:     1.70674e+08
Max:      341349000
StdDev:  ±1.70674e+08
