kernel_gemver_StrictFP-for.body68
Count:    1
Min:      340947000
Median:   8000017
Mean:     1.70474e+08
Max:      340947000
StdDev:  ±1.70474e+08
