vdotr-for.body3
Count:    1
Min:      4228262711
Median:   8003586
Mean:     2.11413e+09
Max:      4228262711
StdDev:  ±2.11413e+09
