vdotr-for.body3
Count:    1
Min:      4223729476
Median:   8003586
Mean:     2.11186e+09
Max:      4223729476
StdDev:  ±2.11186e+09
