vdotr-for.body3
Count:    1
Min:      4226379383
Median:   8003586
Mean:     2.11319e+09
Max:      4226379383
StdDev:  ±2.11319e+09
