vdotr-for.body3
Count:    1
Min:      4226677852
Median:   8003586
Mean:     2.11334e+09
Max:      4226677852
StdDev:  ±2.11334e+09
