vdotr-for.body3
Count:    1
Min:      4603035048
Median:   8003586
Mean:     2.30152e+09
Max:      4603035048
StdDev:  ±2.30152e+09
