vdotr-for.body3
Count:    1
Min:      4600026267
Median:   8003586
Mean:     2.30001e+09
Max:      4600026267
StdDev:  ±2.30001e+09
