vdotr-for.body3
Count:    1
Min:      4600657094
Median:   8003586
Mean:     2.30033e+09
Max:      4600657094
StdDev:  ±2.30033e+09
