vdotr-for.body3
Count:    1
Min:      4601428214
Median:   8003586
Mean:     2.30071e+09
Max:      4601428214
StdDev:  ±2.30071e+09
