vdotr-for.body3
Count:    1
Min:      4601560652
Median:   8003586
Mean:     2.30078e+09
Max:      4601560652
StdDev:  ±2.30078e+09
