vdotr-for.body3
Count:    1
Min:      4226835746
Median:   8003586
Mean:     2.11342e+09
Max:      4226835746
StdDev:  ±2.11342e+09
