vdotr-for.body3
Count:    1
Min:      4225286599
Median:   8003586
Mean:     2.11264e+09
Max:      4225286599
StdDev:  ±2.11264e+09
