vdotr-for.body3
Count:    1
Min:      4601961304
Median:   8003586
Mean:     2.30098e+09
Max:      4601961304
StdDev:  ±2.30098e+09
