vdotr-for.body3
Count:    1
Min:      4600560613
Median:   8003586
Mean:     2.30028e+09
Max:      4600560613
StdDev:  ±2.30028e+09
