vdotr-for.body3
Count:    1
Min:      4600484479
Median:   8003586
Mean:     2.30024e+09
Max:      4600484479
StdDev:  ±2.30024e+09
