vdotr-for.body3
Count:    1
Min:      4601622603
Median:   8003586
Mean:     2.30081e+09
Max:      4601622603
StdDev:  ±2.30081e+09
