vdotr-for.body3
Count:    1
Min:      4609576081
Median:   8003586
Mean:     2.30479e+09
Max:      4609576081
StdDev:  ±2.30479e+09
