vdotr-for.body3
Count:    1
Min:      4601153662
Median:   8003586
Mean:     2.30058e+09
Max:      4601153662
StdDev:  ±2.30058e+09
