vdotr-for.body3
Count:    1
Min:      4601376166
Median:   8003586
Mean:     2.30069e+09
Max:      4601376166
StdDev:  ±2.30069e+09
