susan_smoothing-for.body89
Count:    1
Min:      141305246
Median:   8003586
Mean:     7.06526e+07
Max:      141305246
StdDev:  ±7.06526e+07
