susan_smoothing-for.body89
Count:    1
Min:      141045770
Median:   8003586
Mean:     7.05229e+07
Max:      141045770
StdDev:  ±7.05229e+07
