s4114-for.body3.us
Count:    1
Min:      7603813268
Median:   8003586
Mean:     3.80191e+09
Max:      7603813268
StdDev:  ±3.80191e+09
