s4114-for.body3.us
Count:    1
Min:      7265699923
Median:   8003586
Mean:     3.63285e+09
Max:      7265699923
StdDev:  ±3.63285e+09
