s4114-for.body3.us
Count:    1
Min:      7910302560
Median:   8003586
Mean:     3.95515e+09
Max:      7910302560
StdDev:  ±3.95515e+09
