s4114-for.body3.us
Count:    1
Min:      7741142632
Median:   8003586
Mean:     3.87057e+09
Max:      7741142632
StdDev:  ±3.87057e+09
