s4114-for.body3.us
Count:    1
Min:      7340174560
Median:   8003586
Mean:     3.67009e+09
Max:      7340174560
StdDev:  ±3.67009e+09
