s4114-for.body3.us
Count:    1
Min:      7594358666
Median:   8003586
Mean:     3.79718e+09
Max:      7594358666
StdDev:  ±3.79718e+09
