mandel-complex_mul_cont
Count:    1
Min:      31228609000
Median:   8000017
Mean:     1.56143e+10
Max:      31228609000
StdDev:  ±1.56143e+10
