mandel-complex_mul_cont
Count:    1
Min:      31232209000
Median:   8000017
Mean:     1.56161e+10
Max:      31232209000
StdDev:  ±1.56161e+10
