mandel-complex_mul_cont
Count:    1
Min:      31228427000
Median:   8000017
Mean:     1.56142e+10
Max:      31228427000
StdDev:  ±1.56142e+10
