mandel-complex_mul_cont
Count:    1
Min:      31228773000
Median:   8000017
Mean:     1.56144e+10
Max:      31228773000
StdDev:  ±1.56144e+10
