mandel-complex_mul_cont
Count:    1
Min:      31230938000
Median:   8000017
Mean:     1.56155e+10
Max:      31230938000
StdDev:  ±1.56155e+10
