mandel-complex_mul_cont
Count:    1
Min:      31227739000
Median:   8000017
Mean:     1.56139e+10
Max:      31227739000
StdDev:  ±1.56139e+10
