mandel-complex_mul_cont
Count:    1
Min:      31228988000
Median:   8000017
Mean:     1.56145e+10
Max:      31228988000
StdDev:  ±1.56145e+10
