mandel-complex_mul_cont
Count:    1
Min:      31231503000
Median:   8000017
Mean:     1.56158e+10
Max:      31231503000
StdDev:  ±1.56158e+10
