mandel-complex_mul_cont
Count:    1
Min:      31226127000
Median:   8000017
Mean:     1.56131e+10
Max:      31226127000
StdDev:  ±1.56131e+10
