mandel-complex_mul_cont
Count:    1
Min:      31230711000
Median:   8000017
Mean:     1.56154e+10
Max:      31230711000
StdDev:  ±1.56154e+10
