mandel-complex_mul_cont
Count:    1
Min:      31230301000
Median:   8000017
Mean:     1.56152e+10
Max:      31230301000
StdDev:  ±1.56152e+10
