s211-for.body3
Count:    1
Min:      3658820000
Median:   8000017
Mean:     1.82941e+09
Max:      3658820000
StdDev:  ±1.82941e+09
