s211-for.body3
Count:    1
Min:      3658187000
Median:   8000017
Mean:     1.82909e+09
Max:      3658187000
StdDev:  ±1.82909e+09
