s211-for.body3
Count:    1
Min:      3459525000
Median:   8000017
Mean:     1.72976e+09
Max:      3459525000
StdDev:  ±1.72976e+09
