s211-for.body3
Count:    1
Min:      3458326000
Median:   8000017
Mean:     1.72916e+09
Max:      3458326000
StdDev:  ±1.72916e+09
