s211-for.body3
Count:    1
Min:      3208476000
Median:   8000017
Mean:     1.60424e+09
Max:      3208476000
StdDev:  ±1.60424e+09
