s211-for.body3
Count:    1
Min:      3431976000
Median:   8000017
Mean:     1.71599e+09
Max:      3431976000
StdDev:  ±1.71599e+09
