s211-for.body3
Count:    1
Min:      3431222000
Median:   8000017
Mean:     1.71561e+09
Max:      3431222000
StdDev:  ±1.71561e+09
