s211-for.body3
Count:    1
Min:      3206711000
Median:   8000017
Mean:     1.60336e+09
Max:      3206711000
StdDev:  ±1.60336e+09
