s211-for.body3
Count:    1
Min:      3243980000
Median:   8000017
Mean:     1.62199e+09
Max:      3243980000
StdDev:  ±1.62199e+09
