s211-for.body3
Count:    1
Min:      3455038000
Median:   8000017
Mean:     1.72752e+09
Max:      3455038000
StdDev:  ±1.72752e+09
