s211-for.body3
Count:    1
Min:      3456899000
Median:   8000017
Mean:     1.72845e+09
Max:      3456899000
StdDev:  ±1.72845e+09
