s211-for.body3
Count:    1
Min:      3372954000
Median:   8000017
Mean:     1.68648e+09
Max:      3372954000
StdDev:  ±1.68648e+09
