s211-for.body3
Count:    1
Min:      3373705000
Median:   8000017
Mean:     1.68685e+09
Max:      3373705000
StdDev:  ±1.68685e+09
