s211-for.body3
Count:    1
Min:      3294638000
Median:   8000017
Mean:     1.64732e+09
Max:      3294638000
StdDev:  ±1.64732e+09
