s211-for.body3
Count:    1
Min:      3243647000
Median:   8000017
Mean:     1.62182e+09
Max:      3243647000
StdDev:  ±1.62182e+09
