s211-for.body3
Count:    1
Min:      3244351000
Median:   8000017
Mean:     1.62218e+09
Max:      3244351000
StdDev:  ±1.62218e+09
