s211-for.body3
Count:    1
Min:      3453231000
Median:   8000017
Mean:     1.72662e+09
Max:      3453231000
StdDev:  ±1.72662e+09
