s352-for.body3
Count:    1
Min:      6004366911
Median:   8003586
Mean:     3.00218e+09
Max:      6004366911
StdDev:  ±3.00218e+09
