s352-for.body3
Count:    1
Min:      6219472500
Median:   8003586
Mean:     3.10974e+09
Max:      6219472500
StdDev:  ±3.10974e+09
