s352-for.body3
Count:    1
Min:      6517925397
Median:   8003586
Mean:     3.25896e+09
Max:      6517925397
StdDev:  ±3.25896e+09
