s352-for.body3
Count:    1
Min:      6053052828
Median:   8003586
Mean:     3.02653e+09
Max:      6053052828
StdDev:  ±3.02653e+09
