s352-for.body3
Count:    1
Min:      5936328438
Median:   8003586
Mean:     2.96816e+09
Max:      5936328438
StdDev:  ±2.96816e+09
