s352-for.body3
Count:    1
Min:      6260267781
Median:   8003586
Mean:     3.13013e+09
Max:      6260267781
StdDev:  ±3.13013e+09
