s352-for.body3
Count:    1
Min:      5577684540
Median:   8003586
Mean:     2.78884e+09
Max:      5577684540
StdDev:  ±2.78884e+09
