main-for.body
Count:    1
Min:      3013586000
Median:   8000017
Mean:     1.50679e+09
Max:      3013586000
StdDev:  ±1.50679e+09
