main-for.body
Count:    1
Min:      3181015000
Median:   8000017
Mean:     1.59051e+09
Max:      3181015000
StdDev:  ±1.59051e+09
