main-for.body
Count:    1
Min:      3236851000
Median:   8000017
Mean:     1.61843e+09
Max:      3236851000
StdDev:  ±1.61843e+09
