main-for.body
Count:    1
Min:      3404241000
Median:   8000017
Mean:     1.70212e+09
Max:      3404241000
StdDev:  ±1.70212e+09
