main-for.body
Count:    1
Min:      3139159000
Median:   8000017
Mean:     1.56958e+09
Max:      3139159000
StdDev:  ±1.56958e+09
