main-for.body
Count:    1
Min:      3139175000
Median:   8000017
Mean:     1.56959e+09
Max:      3139175000
StdDev:  ±1.56959e+09
