main-for.body
Count:    1
Min:      3208927000
Median:   8000017
Mean:     1.60446e+09
Max:      3208927000
StdDev:  ±1.60446e+09
