main-for.body
Count:    1
Min:      3236838000
Median:   8000017
Mean:     1.61842e+09
Max:      3236838000
StdDev:  ±1.61842e+09
