main-for.body
Count:    1
Min:      3088021000
Median:   8000017
Mean:     1.54401e+09
Max:      3088021000
StdDev:  ±1.54401e+09
