main-for.body
Count:    1
Min:      3320540000
Median:   8000017
Mean:     1.66027e+09
Max:      3320540000
StdDev:  ±1.66027e+09
