s312-for.body3
Count:    1
Min:      1585689805
Median:   8003586
Mean:     7.92845e+08
Max:      1585689805
StdDev:  ±7.92845e+08
