s312-for.body3
Count:    1
Min:      1586808142
Median:   8003586
Mean:     7.93404e+08
Max:      1586808142
StdDev:  ±7.93404e+08
