s312-for.body3
Count:    1
Min:      1586185360
Median:   8003586
Mean:     7.93093e+08
Max:      1586185360
StdDev:  ±7.93093e+08
