s312-for.body3
Count:    1
Min:      1586221073
Median:   8003586
Mean:     7.93111e+08
Max:      1586221073
StdDev:  ±7.93111e+08
