s312-for.body3
Count:    1
Min:      1585808256
Median:   8003586
Mean:     7.92904e+08
Max:      1585808256
StdDev:  ±7.92904e+08
