s312-for.body3
Count:    1
Min:      1586762869
Median:   8003586
Mean:     7.93381e+08
Max:      1586762869
StdDev:  ±7.93381e+08
