s312-for.body3
Count:    1
Min:      1585453521
Median:   8003586
Mean:     7.92727e+08
Max:      1585453521
StdDev:  ±7.92727e+08
