s312-for.body3
Count:    1
Min:      1586136917
Median:   8003586
Mean:     7.93068e+08
Max:      1586136917
StdDev:  ±7.93068e+08
