s312-for.body3
Count:    1
Min:      1585510316
Median:   8003586
Mean:     7.92755e+08
Max:      1585510316
StdDev:  ±7.92755e+08
