kernel_symm_StrictFP-for.body6
Count:    1
Min:      258171007031
Median:   8003586
Mean:     1.29086e+11
Max:      258171007031
StdDev:  ±1.29086e+11
