kernel_symm_StrictFP-for.body6
Count:    1
Min:      258613447169
Median:   8003586
Mean:     1.29307e+11
Max:      258613447169
StdDev:  ±1.29307e+11
