kernel_symm_StrictFP-for.body6
Count:    1
Min:      265321868905
Median:   8003586
Mean:     1.32661e+11
Max:      265321868905
StdDev:  ±1.32661e+11
