kernel_symm_StrictFP-for.body6
Count:    1
Min:      263698359126
Median:   8003586
Mean:     1.31849e+11
Max:      263698359126
StdDev:  ±1.31849e+11
