s322-for.body3
Count:    1
Min:      6133099526
Median:   8003586
Mean:     3.06655e+09
Max:      6133099526
StdDev:  ±3.06655e+09
