s322-for.body3
Count:    1
Min:      6123124953
Median:   8003586
Mean:     3.06156e+09
Max:      6123124953
StdDev:  ±3.06156e+09
