s322-for.body3
Count:    1
Min:      6097109334
Median:   8003586
Mean:     3.04855e+09
Max:      6097109334
StdDev:  ±3.04855e+09
