s322-for.body3
Count:    1
Min:      6152901663
Median:   8003586
Mean:     3.07645e+09
Max:      6152901663
StdDev:  ±3.07645e+09
