s322-for.body3
Count:    1
Min:      6128238625
Median:   8003586
Mean:     3.06412e+09
Max:      6128238625
StdDev:  ±3.06412e+09
