s322-for.body3
Count:    1
Min:      6155577774
Median:   8003586
Mean:     3.07779e+09
Max:      6155577774
StdDev:  ±3.07779e+09
