s322-for.body3
Count:    1
Min:      6158111740
Median:   8003586
Mean:     3.07906e+09
Max:      6158111740
StdDev:  ±3.07906e+09
