s322-for.body3
Count:    1
Min:      6128271045
Median:   8003586
Mean:     3.06414e+09
Max:      6128271045
StdDev:  ±3.06414e+09
