main-for.body
Count:    1
Min:      12400090479
Median:   8003586
Mean:     6.20005e+09
Max:      12400090479
StdDev:  ±6.20005e+09
