main-for.body
Count:    1
Min:      12396131477
Median:   8003586
Mean:     6.19807e+09
Max:      12396131477
StdDev:  ±6.19807e+09
