main-for.body
Count:    1
Min:      12398295973
Median:   8003586
Mean:     6.19915e+09
Max:      12398295973
StdDev:  ±6.19915e+09
