main-for.body
Count:    1
Min:      12397135612
Median:   8003586
Mean:     6.19857e+09
Max:      12397135612
StdDev:  ±6.19857e+09
