main-for.body
Count:    1
Min:      12398137683
Median:   8003586
Mean:     6.19907e+09
Max:      12398137683
StdDev:  ±6.19907e+09
