main-for.body
Count:    1
Min:      12396853240
Median:   8003586
Mean:     6.19843e+09
Max:      12396853240
StdDev:  ±6.19843e+09
