main-for.body
Count:    1
Min:      12399684440
Median:   8003586
Mean:     6.19984e+09
Max:      12399684440
StdDev:  ±6.19984e+09
