main-for.body
Count:    1
Min:      12398331089
Median:   8003586
Mean:     6.19917e+09
Max:      12398331089
StdDev:  ±6.19917e+09
