main-for.body
Count:    1
Min:      12399210602
Median:   8003586
Mean:     6.19961e+09
Max:      12399210602
StdDev:  ±6.19961e+09
