main-for.body
Count:    1
Min:      12401262516
Median:   8003586
Mean:     6.20063e+09
Max:      12401262516
StdDev:  ±6.20063e+09
