kernel_covariance-for.body45
Count:    2
Min:      27484611782
Median:   27484611782
Mean:     2.74857e+10
Max:      27486863314
StdDev:  ±1.12577e+06
