kernel_covariance-for.body45
Count:    2
Min:      27281557458
Median:   27281557458
Mean:     2.72829e+10
Max:      27284306519
StdDev:  ±1.37453e+06
