kernel_covariance-for.body45
Count:    2
Min:      27265579019
Median:   27265579019
Mean:     2.72684e+10
Max:      27271126136
StdDev:  ±2.77356e+06
