kernel_covariance-for.body45
Count:    2
Min:      27288422247
Median:   27288422247
Mean:     2.72921e+10
Max:      27295682579
StdDev:  ±3.63017e+06
