kernel_covariance-for.body45
Count:    2
Min:      27270532696
Median:   27270532696
Mean:     2.72725e+10
Max:      27274391537
StdDev:  ±1.92942e+06
