main-for.body12
Count:    1
Min:      16110437041
Median:   8003586
Mean:     8.05522e+09
Max:      16110437041
StdDev:  ±8.05522e+09
