main-for.body12
Count:    1
Min:      16109695823
Median:   8003586
Mean:     8.05485e+09
Max:      16109695823
StdDev:  ±8.05485e+09
