main-for.body12
Count:    1
Min:      16111972850
Median:   8003586
Mean:     8.05599e+09
Max:      16111972850
StdDev:  ±8.05599e+09
