s244-for.body3
Count:    1
Min:      6471504157
Median:   8003586
Mean:     3.23575e+09
Max:      6471504157
StdDev:  ±3.23575e+09
