s244-for.body3
Count:    1
Min:      6368930214
Median:   8003586
Mean:     3.18447e+09
Max:      6368930214
StdDev:  ±3.18447e+09
