s244-for.body3
Count:    1
Min:      6520719726
Median:   8003586
Mean:     3.26036e+09
Max:      6520719726
StdDev:  ±3.26036e+09
