s244-for.body3
Count:    1
Min:      6274685297
Median:   8003586
Mean:     3.13734e+09
Max:      6274685297
StdDev:  ±3.13734e+09
