s244-for.body3
Count:    1
Min:      6160701612
Median:   8003586
Mean:     3.08035e+09
Max:      6160701612
StdDev:  ±3.08035e+09
