s244-for.body3
Count:    1
Min:      6606183491
Median:   8003586
Mean:     3.30309e+09
Max:      6606183491
StdDev:  ±3.30309e+09
