s244-for.body3
Count:    1
Min:      6402182922
Median:   8003586
Mean:     3.20109e+09
Max:      6402182922
StdDev:  ±3.20109e+09
