s244-for.body3
Count:    1
Min:      6693713986
Median:   8003586
Mean:     3.34686e+09
Max:      6693713986
StdDev:  ±3.34686e+09
