s244-for.body3
Count:    1
Min:      6668432497
Median:   8003586
Mean:     3.33422e+09
Max:      6668432497
StdDev:  ±3.33422e+09
