L__align11-for.body131
Count:    4950
Min:      4830691
Median:   8592119
Mean:     9.14284e+06
Max:      18636467
StdDev:  ±3.07007e+06
