L__align11-for.body131
Count:    4950
Min:      4609600
Median:   8295406
Mean:     8.83405e+06
Max:      18060228
StdDev:  ±2.96701e+06
