s127-for.body3
Count:    1
Min:      1882776000
Median:   8000017
Mean:     9.41388e+08
Max:      1882776000
StdDev:  ±9.41388e+08
