s127-for.body3
Count:    1
Min:      1882803000
Median:   8000017
Mean:     9.41402e+08
Max:      1882803000
StdDev:  ±9.41402e+08
