s127-for.body3
Count:    1
Min:      1814318000
Median:   8000017
Mean:     9.07159e+08
Max:      1814318000
StdDev:  ±9.07159e+08
