s127-for.body3
Count:    1
Min:      1882985000
Median:   8000017
Mean:     9.41492e+08
Max:      1882985000
StdDev:  ±9.41492e+08
