s127-for.body3
Count:    1
Min:      1882995000
Median:   8000017
Mean:     9.41498e+08
Max:      1882995000
StdDev:  ±9.41498e+08
