s127-for.body3
Count:    1
Min:      1750705000
Median:   8000017
Mean:     8.75352e+08
Max:      1750705000
StdDev:  ±8.75352e+08
