s127-for.body3
Count:    1
Min:      1883234000
Median:   8000017
Mean:     9.41617e+08
Max:      1883234000
StdDev:  ±9.41617e+08
