s127-for.body3
Count:    1
Min:      1883282000
Median:   8000017
Mean:     9.41641e+08
Max:      1883282000
StdDev:  ±9.41641e+08
