s127-for.body3
Count:    1
Min:      1814449000
Median:   8000017
Mean:     9.07224e+08
Max:      1814449000
StdDev:  ±9.07224e+08
