s127-for.body3
Count:    1
Min:      1814248000
Median:   8000017
Mean:     9.07124e+08
Max:      1814248000
StdDev:  ±9.07124e+08
