main-vector.body31
Count:    1
Min:      3561583000
Median:   8000017
Mean:     1.78079e+09
Max:      3561583000
StdDev:  ±1.78079e+09
