main-vector.body31
Count:    1
Min:      3564632000
Median:   8000017
Mean:     1.78232e+09
Max:      3564632000
StdDev:  ±1.78232e+09
