main-vector.body31
Count:    1
Min:      3563942000
Median:   8000017
Mean:     1.78197e+09
Max:      3563942000
StdDev:  ±1.78197e+09
