main-vector.body31
Count:    1
Min:      3563495000
Median:   8000017
Mean:     1.78175e+09
Max:      3563495000
StdDev:  ±1.78175e+09
