main-vector.body31
Count:    1
Min:      3562123000
Median:   8000017
Mean:     1.78106e+09
Max:      3562123000
StdDev:  ±1.78106e+09
