main-vector.body31
Count:    1
Min:      3569554000
Median:   8000017
Mean:     1.78478e+09
Max:      3569554000
StdDev:  ±1.78478e+09
