main-vector.body31
Count:    1
Min:      3570852000
Median:   8000017
Mean:     1.78543e+09
Max:      3570852000
StdDev:  ±1.78543e+09
