main-vector.body31
Count:    1
Min:      3555503000
Median:   8000017
Mean:     1.77775e+09
Max:      3555503000
StdDev:  ±1.77775e+09
