main-vector.body31
Count:    1
Min:      3556672000
Median:   8000017
Mean:     1.77834e+09
Max:      3556672000
StdDev:  ±1.77834e+09
