main-vector.body31
Count:    1
Min:      3570086000
Median:   8000017
Mean:     1.78504e+09
Max:      3570086000
StdDev:  ±1.78504e+09
