main-vector.body31
Count:    1
Min:      3569516000
Median:   8000017
Mean:     1.78476e+09
Max:      3569516000
StdDev:  ±1.78476e+09
