main-vector.body31
Count:    1
Min:      3564660000
Median:   8000017
Mean:     1.78233e+09
Max:      3564660000
StdDev:  ±1.78233e+09
