main-vector.body31
Count:    1
Min:      3566328000
Median:   8000017
Mean:     1.78316e+09
Max:      3566328000
StdDev:  ±1.78316e+09
