main-vector.body31
Count:    1
Min:      3572040000
Median:   8000017
Mean:     1.78602e+09
Max:      3572040000
StdDev:  ±1.78602e+09
