main-vector.body31
Count:    1
Min:      3572687000
Median:   8000017
Mean:     1.78634e+09
Max:      3572687000
StdDev:  ±1.78634e+09
