main-vector.body31
Count:    1
Min:      3571531000
Median:   8000017
Mean:     1.78577e+09
Max:      3571531000
StdDev:  ±1.78577e+09
