main-vector.body31
Count:    1
Min:      3577840000
Median:   8000017
Mean:     1.78892e+09
Max:      3577840000
StdDev:  ±1.78892e+09
