main-vector.body31
Count:    1
Min:      3577438000
Median:   8000017
Mean:     1.78872e+09
Max:      3577438000
StdDev:  ±1.78872e+09
