s211-for.body3
Count:    1
Min:      14339905238
Median:   8003586
Mean:     7.16995e+09
Max:      14339905238
StdDev:  ±7.16995e+09
