s211-for.body3
Count:    1
Min:      14349486839
Median:   8003586
Mean:     7.17474e+09
Max:      14349486839
StdDev:  ±7.17474e+09
