s211-for.body3
Count:    1
Min:      14332838717
Median:   8003586
Mean:     7.16642e+09
Max:      14332838717
StdDev:  ±7.16642e+09
