s211-for.body3
Count:    1
Min:      14740076865
Median:   8003586
Mean:     7.37004e+09
Max:      14740076865
StdDev:  ±7.37004e+09
