s211-for.body3
Count:    1
Min:      14741623969
Median:   8003586
Mean:     7.37081e+09
Max:      14741623969
StdDev:  ±7.37081e+09
