s211-for.body3
Count:    1
Min:      14799049215
Median:   8003586
Mean:     7.39952e+09
Max:      14799049215
StdDev:  ±7.39952e+09
