s211-for.body3
Count:    1
Min:      15074497954
Median:   8003586
Mean:     7.53725e+09
Max:      15074497954
StdDev:  ±7.53725e+09
