s211-for.body3
Count:    1
Min:      14742462004
Median:   8003586
Mean:     7.37123e+09
Max:      14742462004
StdDev:  ±7.37123e+09
