s4114-for.body3.us
Count:    1
Min:      2688215000
Median:   8000017
Mean:     1.34411e+09
Max:      2688215000
StdDev:  ±1.34411e+09
