s4114-for.body3.us
Count:    1
Min:      2766673000
Median:   8000017
Mean:     1.38334e+09
Max:      2766673000
StdDev:  ±1.38334e+09
