s4114-for.body3.us
Count:    1
Min:      2766648000
Median:   8000017
Mean:     1.38332e+09
Max:      2766648000
StdDev:  ±1.38332e+09
