s4114-for.body3.us
Count:    1
Min:      2912826000
Median:   8000017
Mean:     1.45641e+09
Max:      2912826000
StdDev:  ±1.45641e+09
