s4114-for.body3.us
Count:    1
Min:      2668881000
Median:   8000017
Mean:     1.33444e+09
Max:      2668881000
StdDev:  ±1.33444e+09
