s4114-for.body3.us
Count:    1
Min:      2913505000
Median:   8000017
Mean:     1.45675e+09
Max:      2913505000
StdDev:  ±1.45675e+09
