s4114-for.body3.us
Count:    1
Min:      2914312000
Median:   8000017
Mean:     1.45716e+09
Max:      2914312000
StdDev:  ±1.45716e+09
