s4114-for.body3.us
Count:    1
Min:      2767690000
Median:   8000017
Mean:     1.38384e+09
Max:      2767690000
StdDev:  ±1.38384e+09
