s4114-for.body3.us
Count:    1
Min:      2748374000
Median:   8000017
Mean:     1.37419e+09
Max:      2748374000
StdDev:  ±1.37419e+09
