s4114-for.body3.us
Count:    1
Min:      2664459000
Median:   8000017
Mean:     1.33223e+09
Max:      2664459000
StdDev:  ±1.33223e+09
