s4114-for.body3.us
Count:    1
Min:      2664616000
Median:   8000017
Mean:     1.33231e+09
Max:      2664616000
StdDev:  ±1.33231e+09
