kernel_syrk_StrictFP-for.body17
Count:    1
Min:      12377457933
Median:   8003586
Mean:     6.18873e+09
Max:      12377457933
StdDev:  ±6.18873e+09
