kernel_syrk_StrictFP-for.body17
Count:    1
Min:      12400264917
Median:   8003586
Mean:     6.20013e+09
Max:      12400264917
StdDev:  ±6.20013e+09
