kernel_syrk_StrictFP-for.body17
Count:    1
Min:      12334785950
Median:   8003586
Mean:     6.16739e+09
Max:      12334785950
StdDev:  ±6.16739e+09
