kernel_syrk_StrictFP-for.body17
Count:    1
Min:      12382170448
Median:   8003586
Mean:     6.19109e+09
Max:      12382170448
StdDev:  ±6.19109e+09
