kernel_syrk_StrictFP-for.body17
Count:    1
Min:      12384650035
Median:   8003586
Mean:     6.19233e+09
Max:      12384650035
StdDev:  ±6.19233e+09
