kernel_syrk_StrictFP-for.body17
Count:    1
Min:      12409334907
Median:   8003586
Mean:     6.20467e+09
Max:      12409334907
StdDev:  ±6.20467e+09
