hypre_SMGResidual-vector.body
Count:    7238
Min:      4010
Median:   218435
Mean:     1.64304e+06
Max:      65624047
StdDev:  ±4.49995e+06
