hypre_SMGResidual-vector.body
Count:    7238
Min:      3646
Median:   200988
Mean:     1.59558e+06
Max:      64144828
StdDev:  ±4.42695e+06
