hypre_SMGResidual-vector.body
Count:    7238
Min:      4167
Median:   223851
Mean:     1.65148e+06
Max:      65733810
StdDev:  ±4.52144e+06
