main-for.body
Count:    1
Min:      14656015792
Median:   8003586
Mean:     7.32801e+09
Max:      14656015792
StdDev:  ±7.32801e+09
