main-for.body
Count:    1
Min:      14661146614
Median:   8003586
Mean:     7.33057e+09
Max:      14661146614
StdDev:  ±7.33057e+09
