main-for.body
Count:    1
Min:      14653966444
Median:   8003586
Mean:     7.32698e+09
Max:      14653966444
StdDev:  ±7.32698e+09
