main-for.body
Count:    1
Min:      14653551731
Median:   8003586
Mean:     7.32678e+09
Max:      14653551731
StdDev:  ±7.32678e+09
