main-for.body
Count:    1
Min:      14655162069
Median:   8003586
Mean:     7.32758e+09
Max:      14655162069
StdDev:  ±7.32758e+09
