main-for.body
Count:    1
Min:      14654960193
Median:   8003586
Mean:     7.32748e+09
Max:      14654960193
StdDev:  ±7.32748e+09
