main-for.body
Count:    1
Min:      14655264672
Median:   8003586
Mean:     7.32763e+09
Max:      14655264672
StdDev:  ±7.32763e+09
