main-for.body
Count:    1
Min:      14657683077
Median:   8003586
Mean:     7.32884e+09
Max:      14657683077
StdDev:  ±7.32884e+09
