main-for.body
Count:    1
Min:      14654117888
Median:   8003586
Mean:     7.32706e+09
Max:      14654117888
StdDev:  ±7.32706e+09
