main-for.body
Count:    1
Min:      14652585858
Median:   8003586
Mean:     7.32629e+09
Max:      14652585858
StdDev:  ±7.32629e+09
