main-for.body
Count:    1
Min:      14656267883
Median:   8003586
Mean:     7.32813e+09
Max:      14656267883
StdDev:  ±7.32813e+09
