main-for.body
Count:    1
Min:      14653440363
Median:   8003586
Mean:     7.32672e+09
Max:      14653440363
StdDev:  ±7.32672e+09
