main-for.body
Count:    1
Min:      14655454258
Median:   8003586
Mean:     7.32773e+09
Max:      14655454258
StdDev:  ±7.32773e+09
