main-for.body
Count:    1
Min:      14658610272
Median:   8003586
Mean:     7.32931e+09
Max:      14658610272
StdDev:  ±7.32931e+09
