main-for.body
Count:    1
Min:      14654656634
Median:   8003586
Mean:     7.32733e+09
Max:      14654656634
StdDev:  ±7.32733e+09
