main-for.body
Count:    1
Min:      14654763838
Median:   8003586
Mean:     7.32738e+09
Max:      14654763838
StdDev:  ±7.32738e+09
