main-for.body
Count:    1
Min:      14655090058
Median:   8003586
Mean:     7.32755e+09
Max:      14655090058
StdDev:  ±7.32755e+09
