main-for.body
Count:    1
Min:      14655743262
Median:   8003586
Mean:     7.32787e+09
Max:      14655743262
StdDev:  ±7.32787e+09
