main-for.body
Count:    1
Min:      14654046623
Median:   8003586
Mean:     7.32702e+09
Max:      14654046623
StdDev:  ±7.32702e+09
