kernel_syr2k_StrictFP-for.body17
Count:    1
Min:      35524303851
Median:   8003586
Mean:     1.77622e+10
Max:      35524303851
StdDev:  ±1.77622e+10
