kernel_syr2k_StrictFP-for.body17
Count:    1
Min:      35537481621
Median:   8003586
Mean:     1.77687e+10
Max:      35537481621
StdDev:  ±1.77687e+10
