kernel_syr2k_StrictFP-for.body17
Count:    1
Min:      34004738230
Median:   8003586
Mean:     1.70024e+10
Max:      34004738230
StdDev:  ±1.70024e+10
