kernel_syr2k_StrictFP-for.body17
Count:    1
Min:      35472661502
Median:   8003586
Mean:     1.77363e+10
Max:      35472661502
StdDev:  ±1.77363e+10
