kernel_syr2k_StrictFP-for.body17
Count:    1
Min:      34310237192
Median:   8003586
Mean:     1.71551e+10
Max:      34310237192
StdDev:  ±1.71551e+10
