kernel_syr2k_StrictFP-for.body17
Count:    1
Min:      34350374999
Median:   8003586
Mean:     1.71752e+10
Max:      34350374999
StdDev:  ±1.71752e+10
