kernel_syr2k_StrictFP-for.body17
Count:    1
Min:      35503722739
Median:   8003586
Mean:     1.77519e+10
Max:      35503722739
StdDev:  ±1.77519e+10
