kernel_syr2k_StrictFP-for.body17
Count:    1
Min:      35504928239
Median:   8003586
Mean:     1.77525e+10
Max:      35504928239
StdDev:  ±1.77525e+10
