kernel_syr2k_StrictFP-for.body17
Count:    1
Min:      34794880701
Median:   8003586
Mean:     1.73974e+10
Max:      34794880701
StdDev:  ±1.73974e+10
