kernel_syr2k_StrictFP-for.body17
Count:    1
Min:      34025446417
Median:   8003586
Mean:     1.70127e+10
Max:      34025446417
StdDev:  ±1.70127e+10
