kernel_syr2k_StrictFP-for.body17
Count:    1
Min:      34036748382
Median:   8003586
Mean:     1.70184e+10
Max:      34036748382
StdDev:  ±1.70184e+10
