kernel_syr2k_StrictFP-for.body17
Count:    1
Min:      35492844420
Median:   8003586
Mean:     1.77464e+10
Max:      35492844420
StdDev:  ±1.77464e+10
