kernel_syr2k_StrictFP-for.body17
Count:    1
Min:      35436598710
Median:   8003586
Mean:     1.77183e+10
Max:      35436598710
StdDev:  ±1.77183e+10
