kernel_syr2k_StrictFP-for.body17
Count:    1
Min:      35485508886
Median:   8003586
Mean:     1.77428e+10
Max:      35485508886
StdDev:  ±1.77428e+10
