L__align11-for.body131
Count:    4950
Min:      2389000
Median:   4298000
Mean:     4.55805e+06
Max:      9319000
StdDev:  ±1.52406e+06
