L__align11-for.body131
Count:    4950
Min:      2390000
Median:   4315000
Mean:     4.55793e+06
Max:      9301000
StdDev:  ±1.52337e+06
