L__align11-for.body131
Count:    4950
Min:      2388000
Median:   4316000
Mean:     4.55782e+06
Max:      9300000
StdDev:  ±1.52336e+06
