L__align11-for.body131
Count:    4950
Min:      2366000
Median:   4257000
Mean:     4.51312e+06
Max:      9217000
StdDev:  ±1.50845e+06
