L__align11-for.body131
Count:    4950
Min:      2366000
Median:   4256000
Mean:     4.51319e+06
Max:      9217000
StdDev:  ±1.50851e+06
