L__align11-for.body131
Count:    4950
Min:      2392000
Median:   4303000
Mean:     4.56082e+06
Max:      9323000
StdDev:  ±1.52532e+06
