L__align11-for.body131
Count:    4950
Min:      2391000
Median:   4303000
Mean:     4.56072e+06
Max:      9323000
StdDev:  ±1.52537e+06
