L__align11-for.body131
Count:    4950
Min:      2387000
Median:   4298000
Mean:     4.55282e+06
Max:      9307000
StdDev:  ±1.52245e+06
