L__align11-for.body131
Count:    4950
Min:      2386000
Median:   4298000
Mean:     4.55276e+06
Max:      9307000
StdDev:  ±1.52232e+06
