L__align11-for.body131
Count:    4950
Min:      2381000
Median:   4281000
Mean:     4.53986e+06
Max:      9273000
StdDev:  ±1.51758e+06
