L__align11-for.body131
Count:    4950
Min:      2375000
Median:   4285000
Mean:     4.52899e+06
Max:      9234000
StdDev:  ±1.51413e+06
