L__align11-for.body131
Count:    4950
Min:      2416000
Median:   4368000
Mean:     4.60907e+06
Max:      9394000
StdDev:  ±1.53974e+06
