L__align11-for.body131
Count:    4950
Min:      2416000
Median:   4368000
Mean:     4.60902e+06
Max:      9393000
StdDev:  ±1.53966e+06
