fannkuch-for.body57
Count:    1
Min:      7158031691
Median:   8003586
Mean:     3.57902e+09
Max:      7158031691
StdDev:  ±3.57902e+09
