fannkuch-for.body57
Count:    1
Min:      7158040632
Median:   8003586
Mean:     3.57902e+09
Max:      7158040632
StdDev:  ±3.57902e+09
