fannkuch-for.body57
Count:    1
Min:      7158229925
Median:   8003586
Mean:     3.57911e+09
Max:      7158229925
StdDev:  ±3.57911e+09
