fannkuch-for.body57
Count:    1
Min:      7160287202
Median:   8003586
Mean:     3.58014e+09
Max:      7160287202
StdDev:  ±3.58014e+09
