fannkuch-for.body57
Count:    1
Min:      7160238878
Median:   8003586
Mean:     3.58012e+09
Max:      7160238878
StdDev:  ±3.58012e+09
