fannkuch-for.body57
Count:    1
Min:      7158216653
Median:   8003586
Mean:     3.57911e+09
Max:      7158216653
StdDev:  ±3.57911e+09
