fannkuch-for.body57
Count:    1
Min:      7158842867
Median:   8003586
Mean:     3.57942e+09
Max:      7158842867
StdDev:  ±3.57942e+09
