fannkuch-for.body57
Count:    1
Min:      7157632214
Median:   8003586
Mean:     3.57882e+09
Max:      7157632214
StdDev:  ±3.57882e+09
