main-for.body9
Count:    1
Min:      3722187735
Median:   8003586
Mean:     1.86109e+09
Max:      3722187735
StdDev:  ±1.86109e+09
