main-for.body9
Count:    1
Min:      3722672261
Median:   8003586
Mean:     1.86134e+09
Max:      3722672261
StdDev:  ±1.86134e+09
