main-for.body9
Count:    1
Min:      3719260058
Median:   8003586
Mean:     1.85963e+09
Max:      3719260058
StdDev:  ±1.85963e+09
