main-for.body9
Count:    1
Min:      3723252256
Median:   8003586
Mean:     1.86163e+09
Max:      3723252256
StdDev:  ±1.86163e+09
