main-for.body9
Count:    1
Min:      3719240297
Median:   8003586
Mean:     1.85962e+09
Max:      3719240297
StdDev:  ±1.85962e+09
