main-for.body9
Count:    1
Min:      3718882262
Median:   8003586
Mean:     1.85944e+09
Max:      3718882262
StdDev:  ±1.85944e+09
