main-for.body9
Count:    1
Min:      3722428840
Median:   8003586
Mean:     1.86121e+09
Max:      3722428840
StdDev:  ±1.86121e+09
