main-for.body9
Count:    1
Min:      3832176092
Median:   8003586
Mean:     1.91609e+09
Max:      3832176092
StdDev:  ±1.91609e+09
