main-for.body9
Count:    1
Min:      3722342940
Median:   8003586
Mean:     1.86117e+09
Max:      3722342940
StdDev:  ±1.86117e+09
