main-for.body9
Count:    1
Min:      3719234466
Median:   8003586
Mean:     1.85962e+09
Max:      3719234466
StdDev:  ±1.85962e+09
