vdotr-for.body3
Count:    1
Min:      1127207000
Median:   8000017
Mean:     5.63604e+08
Max:      1127207000
StdDev:  ±5.63604e+08
