vdotr-for.body3
Count:    1
Min:      1127233000
Median:   8000017
Mean:     5.63616e+08
Max:      1127233000
StdDev:  ±5.63616e+08
