vdotr-for.body3
Count:    1
Min:      1152102000
Median:   8000017
Mean:     5.76051e+08
Max:      1152102000
StdDev:  ±5.76051e+08
