vdotr-for.body3
Count:    1
Min:      1127209000
Median:   8000017
Mean:     5.63604e+08
Max:      1127209000
StdDev:  ±5.63604e+08
