vdotr-for.body3
Count:    1
Min:      1127174000
Median:   8000017
Mean:     5.63587e+08
Max:      1127174000
StdDev:  ±5.63587e+08
