vdotr-for.body3
Count:    1
Min:      1201929000
Median:   8000017
Mean:     6.00964e+08
Max:      1201929000
StdDev:  ±6.00964e+08
