vdotr-for.body3
Count:    1
Min:      1201935000
Median:   8000017
Mean:     6.00968e+08
Max:      1201935000
StdDev:  ±6.00968e+08
