vdotr-for.body3
Count:    1
Min:      1127342000
Median:   8000017
Mean:     5.63671e+08
Max:      1127342000
StdDev:  ±5.63671e+08
