vdotr-for.body3
Count:    1
Min:      1127137000
Median:   8000017
Mean:     5.63568e+08
Max:      1127137000
StdDev:  ±5.63568e+08
