bpnn_train_kernel-for.body138
Count:    1
Min:      14546914457
Median:   8003586
Mean:     7.27346e+09
Max:      14546914457
StdDev:  ±7.27346e+09
