bpnn_train_kernel-for.body138
Count:    1
Min:      14341516878
Median:   8003586
Mean:     7.17076e+09
Max:      14341516878
StdDev:  ±7.17076e+09
