bpnn_train_kernel-for.body138
Count:    1
Min:      14454958931
Median:   8003586
Mean:     7.22748e+09
Max:      14454958931
StdDev:  ±7.22748e+09
