s312-for.body3
Count:    1
Min:      1146069000
Median:   8000017
Mean:     5.73034e+08
Max:      1146069000
StdDev:  ±5.73034e+08
