s312-for.body3
Count:    1
Min:      1146103000
Median:   8000017
Mean:     5.73052e+08
Max:      1146103000
StdDev:  ±5.73052e+08
