s312-for.body3
Count:    1
Min:      1146086000
Median:   8000017
Mean:     5.73043e+08
Max:      1146086000
StdDev:  ±5.73043e+08
