s312-for.body3
Count:    1
Min:      1146122000
Median:   8000017
Mean:     5.73061e+08
Max:      1146122000
StdDev:  ±5.73061e+08
