s312-for.body3
Count:    1
Min:      1146087000
Median:   8000017
Mean:     5.73044e+08
Max:      1146087000
StdDev:  ±5.73044e+08
