s312-for.body3
Count:    1
Min:      1146085000
Median:   8000017
Mean:     5.73042e+08
Max:      1146085000
StdDev:  ±5.73042e+08
