s312-for.body3
Count:    1
Min:      1146109000
Median:   8000017
Mean:     5.73054e+08
Max:      1146109000
StdDev:  ±5.73054e+08
