s312-for.body3
Count:    1
Min:      1146050000
Median:   8000017
Mean:     5.73025e+08
Max:      1146050000
StdDev:  ±5.73025e+08
