s115-for.body6
Count:    1
Min:      4384448458
Median:   8003586
Mean:     2.19222e+09
Max:      4384448458
StdDev:  ±2.19222e+09
