s115-for.body6
Count:    1
Min:      4687449747
Median:   8003586
Mean:     2.34372e+09
Max:      4687449747
StdDev:  ±2.34372e+09
