s115-for.body6
Count:    1
Min:      4698472023
Median:   8003586
Mean:     2.34924e+09
Max:      4698472023
StdDev:  ±2.34924e+09
