s115-for.body6
Count:    1
Min:      4384734393
Median:   8003586
Mean:     2.19237e+09
Max:      4384734393
StdDev:  ±2.19237e+09
