s115-for.body6
Count:    1
Min:      4385158920
Median:   8003586
Mean:     2.19258e+09
Max:      4385158920
StdDev:  ±2.19258e+09
