s115-for.body6
Count:    1
Min:      4688023909
Median:   8003586
Mean:     2.34401e+09
Max:      4688023909
StdDev:  ±2.34401e+09
