s115-for.body6
Count:    1
Min:      4385447093
Median:   8003586
Mean:     2.19272e+09
Max:      4385447093
StdDev:  ±2.19272e+09
