s115-for.body6
Count:    1
Min:      4385139962
Median:   8003586
Mean:     2.19257e+09
Max:      4385139962
StdDev:  ±2.19257e+09
