s115-for.body6
Count:    1
Min:      4385099493
Median:   8003586
Mean:     2.19255e+09
Max:      4385099493
StdDev:  ±2.19255e+09
