s115-for.body6
Count:    1
Min:      4384751529
Median:   8003586
Mean:     2.19238e+09
Max:      4384751529
StdDev:  ±2.19238e+09
