s173-vector.body
Count:    1
Min:      3458754304
Median:   8003586
Mean:     1.72938e+09
Max:      3458754304
StdDev:  ±1.72938e+09
