s173-vector.body
Count:    1
Min:      3458824000
Median:   8003586
Mean:     1.72941e+09
Max:      3458824000
StdDev:  ±1.72941e+09
