s173-vector.body
Count:    1
Min:      3464615594
Median:   8003586
Mean:     1.73231e+09
Max:      3464615594
StdDev:  ±1.73231e+09
