s173-vector.body
Count:    1
Min:      3791132065
Median:   8003586
Mean:     1.89557e+09
Max:      3791132065
StdDev:  ±1.89557e+09
