s173-vector.body
Count:    1
Min:      3788101448
Median:   8003586
Mean:     1.89405e+09
Max:      3788101448
StdDev:  ±1.89405e+09
