s173-vector.body
Count:    1
Min:      3461704573
Median:   8003586
Mean:     1.73085e+09
Max:      3461704573
StdDev:  ±1.73085e+09
