s173-vector.body
Count:    1
Min:      3786648473
Median:   8003586
Mean:     1.89332e+09
Max:      3786648473
StdDev:  ±1.89332e+09
