crc32file-while.body
Count:    1
Min:      13434625000
Median:   8000017
Mean:     6.71731e+09
Max:      13434625000
StdDev:  ±6.71731e+09
