crc32file-while.body
Count:    1
Min:      13313225000
Median:   8000017
Mean:     6.65661e+09
Max:      13313225000
StdDev:  ±6.65661e+09
