crc32file-while.body
Count:    1
Min:      13333829000
Median:   8000017
Mean:     6.66691e+09
Max:      13333829000
StdDev:  ±6.66691e+09
