crc32file-while.body
Count:    1
Min:      13251777000
Median:   8000017
Mean:     6.62589e+09
Max:      13251777000
StdDev:  ±6.62589e+09
