crc32file-while.body
Count:    1
Min:      13231174000
Median:   8000017
Mean:     6.61559e+09
Max:      13231174000
StdDev:  ±6.61559e+09
