crc32file-while.body
Count:    1
Min:      13338120000
Median:   8000017
Mean:     6.66906e+09
Max:      13338120000
StdDev:  ±6.66906e+09
