crc32file-while.body
Count:    1
Min:      13240146000
Median:   8000017
Mean:     6.62007e+09
Max:      13240146000
StdDev:  ±6.62007e+09
