crc32file-while.body
Count:    1
Min:      13260987000
Median:   8000017
Mean:     6.63049e+09
Max:      13260987000
StdDev:  ±6.63049e+09
