crc32file-while.body
Count:    1
Min:      13318124000
Median:   8000017
Mean:     6.65906e+09
Max:      13318124000
StdDev:  ±6.65906e+09
