crc32file-while.body
Count:    1
Min:      13196858000
Median:   8000017
Mean:     6.59843e+09
Max:      13196858000
StdDev:  ±6.59843e+09
