crc32file-while.body
Count:    1
Min:      13271324000
Median:   8000017
Mean:     6.63566e+09
Max:      13271324000
StdDev:  ±6.63566e+09
