crc32file-while.body
Count:    1
Min:      13157834000
Median:   8000017
Mean:     6.57892e+09
Max:      13157834000
StdDev:  ±6.57892e+09
