crc32file-while.body
Count:    1
Min:      13213771000
Median:   8000017
Mean:     6.60689e+09
Max:      13213771000
StdDev:  ±6.60689e+09
