crc32file-while.body
Count:    1
Min:      13349614000
Median:   8000017
Mean:     6.67481e+09
Max:      13349614000
StdDev:  ±6.67481e+09
