crc32file-while.body
Count:    1
Min:      13258521000
Median:   8000017
Mean:     6.62926e+09
Max:      13258521000
StdDev:  ±6.62926e+09
