crc32file-while.body
Count:    1
Min:      13219581000
Median:   8000017
Mean:     6.60979e+09
Max:      13219581000
StdDev:  ±6.60979e+09
