crc32file-while.body
Count:    1
Min:      13336145000
Median:   8000017
Mean:     6.66807e+09
Max:      13336145000
StdDev:  ±6.66807e+09
