s312-for.body3
Count:    1
Min:      1587735602
Median:   8003586
Mean:     7.93868e+08
Max:      1587735602
StdDev:  ±7.93868e+08
