s312-for.body3
Count:    1
Min:      1586713157
Median:   8003586
Mean:     7.93357e+08
Max:      1586713157
StdDev:  ±7.93357e+08
