s312-for.body3
Count:    1
Min:      1585502586
Median:   8003586
Mean:     7.92751e+08
Max:      1585502586
StdDev:  ±7.92751e+08
