s312-for.body3
Count:    1
Min:      1590524681
Median:   8003586
Mean:     7.95262e+08
Max:      1590524681
StdDev:  ±7.95262e+08
