s312-for.body3
Count:    1
Min:      1585458633
Median:   8003586
Mean:     7.92729e+08
Max:      1585458633
StdDev:  ±7.92729e+08
