s312-for.body3
Count:    1
Min:      1586225845
Median:   8003586
Mean:     7.93113e+08
Max:      1586225845
StdDev:  ±7.93113e+08
