s312-for.body3
Count:    1
Min:      1585741841
Median:   8003586
Mean:     7.92871e+08
Max:      1585741841
StdDev:  ±7.92871e+08
