s312-for.body3
Count:    1
Min:      1585065328
Median:   8003586
Mean:     7.92533e+08
Max:      1585065328
StdDev:  ±7.92533e+08
