s312-for.body3
Count:    1
Min:      1585325497
Median:   8003586
Mean:     7.92663e+08
Max:      1585325497
StdDev:  ±7.92663e+08
