main-for.body
Count:    1
Min:      2939213000
Median:   8000017
Mean:     1.46961e+09
Max:      2939213000
StdDev:  ±1.46961e+09
