main-for.body
Count:    1
Min:      2902011000
Median:   8000017
Mean:     1.45101e+09
Max:      2902011000
StdDev:  ±1.45101e+09
