main-for.body
Count:    1
Min:      3069432000
Median:   8000017
Mean:     1.53472e+09
Max:      3069432000
StdDev:  ±1.53472e+09
