main-for.body
Count:    1
Min:      3376332000
Median:   8000017
Mean:     1.68817e+09
Max:      3376332000
StdDev:  ±1.68817e+09
