main-for.body
Count:    1
Min:      3125250000
Median:   8000017
Mean:     1.56262e+09
Max:      3125250000
StdDev:  ±1.56262e+09
