main-for.body
Count:    1
Min:      3125226000
Median:   8000017
Mean:     1.56261e+09
Max:      3125226000
StdDev:  ±1.56261e+09
