main-for.body
Count:    1
Min:      3236819000
Median:   8000017
Mean:     1.61841e+09
Max:      3236819000
StdDev:  ±1.61841e+09
