main-for.body
Count:    1
Min:      3013622000
Median:   8000017
Mean:     1.50681e+09
Max:      3013622000
StdDev:  ±1.50681e+09
