main-for.body
Count:    1
Min:      2985695000
Median:   8000017
Mean:     1.49285e+09
Max:      2985695000
StdDev:  ±1.49285e+09
