kernel_atax_StrictFP-for.body8
Count:    1
Min:      277884361
Median:   8003586
Mean:     1.38942e+08
Max:      277884361
StdDev:  ±1.38942e+08
