kernel_atax_StrictFP-for.body8
Count:    1
Min:      288410767
Median:   8003586
Mean:     1.44205e+08
Max:      288410767
StdDev:  ±1.44205e+08
