kernel_atax_StrictFP-for.body8
Count:    1
Min:      288582771
Median:   8003586
Mean:     1.44291e+08
Max:      288582771
StdDev:  ±1.44291e+08
