kernel_atax_StrictFP-for.body8
Count:    1
Min:      288606631
Median:   8003586
Mean:     1.44303e+08
Max:      288606631
StdDev:  ±1.44303e+08
