kernel_atax_StrictFP-for.body8
Count:    1
Min:      288855224
Median:   8003586
Mean:     1.44428e+08
Max:      288855224
StdDev:  ±1.44428e+08
