kernel_atax_StrictFP-for.body8
Count:    1
Min:      288858935
Median:   8003586
Mean:     1.44429e+08
Max:      288858935
StdDev:  ±1.44429e+08
