kernel_atax_StrictFP-for.body8
Count:    1
Min:      277632150
Median:   8003586
Mean:     1.38816e+08
Max:      277632150
StdDev:  ±1.38816e+08
