kernel_atax_StrictFP-for.body8
Count:    1
Min:      289053097
Median:   8003586
Mean:     1.44527e+08
Max:      289053097
StdDev:  ±1.44527e+08
