kernel_atax_StrictFP-for.body8
Count:    1
Min:      288670607
Median:   8003586
Mean:     1.44335e+08
Max:      288670607
StdDev:  ±1.44335e+08
