kernel_atax_StrictFP-for.body8
Count:    1
Min:      278058956
Median:   8003586
Mean:     1.39029e+08
Max:      278058956
StdDev:  ±1.39029e+08
