kernel_atax_StrictFP-for.body8
Count:    1
Min:      288591610
Median:   8003586
Mean:     1.44296e+08
Max:      288591610
StdDev:  ±1.44296e+08
