kernel_atax_StrictFP-for.body8
Count:    1
Min:      277744469
Median:   8003586
Mean:     1.38872e+08
Max:      277744469
StdDev:  ±1.38872e+08
