s1251-vector.body
Count:    1
Min:      22665336623
Median:   8003586
Mean:     1.13327e+10
Max:      22665336623
StdDev:  ±1.13327e+10
