s1251-vector.body
Count:    1
Min:      21338645911
Median:   8003586
Mean:     1.06693e+10
Max:      21338645911
StdDev:  ±1.06693e+10
