s1251-vector.body
Count:    1
Min:      21232586646
Median:   8003586
Mean:     1.06163e+10
Max:      21232586646
StdDev:  ±1.06163e+10
