s1251-vector.body
Count:    1
Min:      21261354644
Median:   8003586
Mean:     1.06307e+10
Max:      21261354644
StdDev:  ±1.06307e+10
