s1251-vector.body
Count:    1
Min:      21006516502
Median:   8003586
Mean:     1.05033e+10
Max:      21006516502
StdDev:  ±1.05033e+10
