s1251-vector.body
Count:    1
Min:      21284653437
Median:   8003586
Mean:     1.06423e+10
Max:      21284653437
StdDev:  ±1.06423e+10
