s1251-vector.body
Count:    1
Min:      21049384912
Median:   8003586
Mean:     1.05247e+10
Max:      21049384912
StdDev:  ±1.05247e+10
