main-while.body243
Count:    1
Min:      232343818
Median:   8003586
Mean:     1.16172e+08
Max:      232343818
StdDev:  ±1.16172e+08
