main-while.body243
Count:    1
Min:      227367275
Median:   8003586
Mean:     1.13684e+08
Max:      227367275
StdDev:  ±1.13684e+08
