main-while.body243
Count:    1
Min:      234611977
Median:   8003586
Mean:     1.17306e+08
Max:      234611977
StdDev:  ±1.17306e+08
