main-while.body243
Count:    1
Min:      235288592
Median:   8003586
Mean:     1.17644e+08
Max:      235288592
StdDev:  ±1.17644e+08
