main-while.body243
Count:    1
Min:      227289963
Median:   8003586
Mean:     1.13645e+08
Max:      227289963
StdDev:  ±1.13645e+08
