main-while.body243
Count:    1
Min:      230648582
Median:   8003586
Mean:     1.15324e+08
Max:      230648582
StdDev:  ±1.15324e+08
