main-while.body243
Count:    1
Min:      230978396
Median:   8003586
Mean:     1.15489e+08
Max:      230978396
StdDev:  ±1.15489e+08
