main-while.body243
Count:    1
Min:      237204670
Median:   8003586
Mean:     1.18602e+08
Max:      237204670
StdDev:  ±1.18602e+08
