main-while.body243
Count:    1
Min:      232838409
Median:   8003586
Mean:     1.16419e+08
Max:      232838409
StdDev:  ±1.16419e+08
