make_neighbors-if.end14.us.us
Count:    2
Min:      5692552643
Median:   5692552643
Mean:     5.70015e+09
Max:      5707747089
StdDev:  ±7.59722e+06
