make_neighbors-if.end14.us.us
Count:    2
Min:      5671623254
Median:   5671623254
Mean:     5.68055e+09
Max:      5689472579
StdDev:  ±8.92466e+06
