make_neighbors-if.end14.us.us
Count:    2
Min:      5671012951
Median:   5671012951
Mean:     5.67844e+09
Max:      5685872605
StdDev:  ±7.42983e+06
