make_neighbors-if.end14.us.us
Count:    2
Min:      5673906641
Median:   5673906641
Mean:     5.68069e+09
Max:      5687464369
StdDev:  ±6.77886e+06
