make_neighbors-if.end14.us.us
Count:    2
Min:      5667338898
Median:   5667338898
Mean:     5.67868e+09
Max:      5690015960
StdDev:  ±1.13385e+07
