make_neighbors-if.end14.us.us
Count:    2
Min:      5670518126
Median:   5670518126
Mean:     5.67892e+09
Max:      5687329842
StdDev:  ±8.40586e+06
