make_neighbors-if.end14.us.us
Count:    2
Min:      5670440294
Median:   5670440294
Mean:     5.67677e+09
Max:      5683104120
StdDev:  ±6.33191e+06
