make_neighbors-if.end14.us.us
Count:    2
Min:      5668293214
Median:   5668293214
Mean:     5.67889e+09
Max:      5689495593
StdDev:  ±1.06012e+07
