make_neighbors-if.end14.us.us
Count:    2
Min:      5664507969
Median:   5664507969
Mean:     5.67541e+09
Max:      5686305399
StdDev:  ±1.08987e+07
