make_neighbors-if.end14.us.us
Count:    2
Min:      5668723161
Median:   5668723161
Mean:     5.68028e+09
Max:      5691845059
StdDev:  ±1.15609e+07
