make_neighbors-if.end14.us.us
Count:    2
Min:      5668392315
Median:   5668392315
Mean:     5.67699e+09
Max:      5685580171
StdDev:  ±8.59393e+06
