make_neighbors-if.end14.us.us
Count:    2
Min:      5670748959
Median:   5670748959
Mean:     5.67989e+09
Max:      5689029878
StdDev:  ±9.14046e+06
