make_neighbors-if.end14.us.us
Count:    2
Min:      5667399100
Median:   5667399100
Mean:     5.67901e+09
Max:      5690625924
StdDev:  ±1.16134e+07
