make_neighbors-if.end14.us.us
Count:    2
Min:      5668588716
Median:   5668588716
Mean:     5.67571e+09
Max:      5682831556
StdDev:  ±7.12142e+06
