make_neighbors-if.end14.us.us
Count:    2
Min:      5668802596
Median:   5668802596
Mean:     5.67682e+09
Max:      5684831373
StdDev:  ±8.01439e+06
