make_neighbors-if.end14.us.us
Count:    2
Min:      5666569499
Median:   5666569499
Mean:     5.67879e+09
Max:      5691009329
StdDev:  ±1.22199e+07
