make_neighbors-if.end14.us.us
Count:    2
Min:      5668652284
Median:   5668652284
Mean:     5.67823e+09
Max:      5687811521
StdDev:  ±9.57962e+06
