make_neighbors-if.end14.us.us
Count:    2
Min:      5666055022
Median:   5666055022
Mean:     5.67797e+09
Max:      5689876755
StdDev:  ±1.19109e+07
