make_neighbors-if.end14.us.us
Count:    2
Min:      5672002000
Median:   5672002000
Mean:     5.67714e+09
Max:      5682269292
StdDev:  ±5.13365e+06
