make_neighbors-if.end14.us.us
Count:    2
Min:      5664749524
Median:   5664749524
Mean:     5.67579e+09
Max:      5686832640
StdDev:  ±1.10416e+07
