make_neighbors-if.end14.us.us
Count:    2
Min:      5672035878
Median:   5672035878
Mean:     5.68277e+09
Max:      5693513577
StdDev:  ±1.07388e+07
