s322-for.body3
Count:    1
Min:      2101015000
Median:   8000017
Mean:     1.05051e+09
Max:      2101015000
StdDev:  ±1.05051e+09
