s322-for.body3
Count:    1
Min:      2083073000
Median:   8000017
Mean:     1.04154e+09
Max:      2083073000
StdDev:  ±1.04154e+09
