s322-for.body3
Count:    1
Min:      2082898000
Median:   8000017
Mean:     1.04145e+09
Max:      2082898000
StdDev:  ±1.04145e+09
