s322-for.body3
Count:    1
Min:      2125983000
Median:   8000017
Mean:     1.06299e+09
Max:      2125983000
StdDev:  ±1.06299e+09
