s322-for.body3
Count:    1
Min:      2092621000
Median:   8000017
Mean:     1.04631e+09
Max:      2092621000
StdDev:  ±1.04631e+09
