s322-for.body3
Count:    1
Min:      2099960000
Median:   8000017
Mean:     1.04998e+09
Max:      2099960000
StdDev:  ±1.04998e+09
