s322-for.body3
Count:    1
Min:      2099364000
Median:   8000017
Mean:     1.04968e+09
Max:      2099364000
StdDev:  ±1.04968e+09
