s322-for.body3
Count:    1
Min:      2204456000
Median:   8000017
Mean:     1.10223e+09
Max:      2204456000
StdDev:  ±1.10223e+09
