s322-for.body3
Count:    1
Min:      2210853000
Median:   8000017
Mean:     1.10543e+09
Max:      2210853000
StdDev:  ±1.10543e+09
