s322-for.body3
Count:    1
Min:      2106059000
Median:   8000017
Mean:     1.05303e+09
Max:      2106059000
StdDev:  ±1.05303e+09
