s322-for.body3
Count:    1
Min:      2104869000
Median:   8000017
Mean:     1.05243e+09
Max:      2104869000
StdDev:  ±1.05243e+09
