s322-for.body3
Count:    1
Min:      2091100000
Median:   8000017
Mean:     1.04555e+09
Max:      2091100000
StdDev:  ±1.04555e+09
