s322-for.body3
Count:    1
Min:      2089099000
Median:   8000017
Mean:     1.04455e+09
Max:      2089099000
StdDev:  ±1.04455e+09
