benchmark_heapsort-land.lhs.true
Count:    1
Min:      13541335238
Median:   8003586
Mean:     6.77067e+09
Max:      13541335238
StdDev:  ±6.77067e+09
