benchmark_heapsort-land.lhs.true
Count:    1
Min:      13494882623
Median:   8003586
Mean:     6.74744e+09
Max:      13494882623
StdDev:  ±6.74744e+09
