benchmark_heapsort-land.lhs.true
Count:    1
Min:      13508473541
Median:   8003586
Mean:     6.75424e+09
Max:      13508473541
StdDev:  ±6.75424e+09
