benchmark_heapsort-land.lhs.true
Count:    1
Min:      13480491617
Median:   8003586
Mean:     6.74025e+09
Max:      13480491617
StdDev:  ±6.74025e+09
