s173-vector.body
Count:    1
Min:      3684537000
Median:   8000017
Mean:     1.84227e+09
Max:      3684537000
StdDev:  ±1.84227e+09
