s173-vector.body
Count:    1
Min:      3684486000
Median:   8000017
Mean:     1.84224e+09
Max:      3684486000
StdDev:  ±1.84224e+09
