s173-vector.body
Count:    1
Min:      3749049000
Median:   8000017
Mean:     1.87452e+09
Max:      3749049000
StdDev:  ±1.87452e+09
