s173-vector.body
Count:    1
Min:      3749055000
Median:   8000017
Mean:     1.87453e+09
Max:      3749055000
StdDev:  ±1.87453e+09
