s173-vector.body
Count:    1
Min:      3653687000
Median:   8000017
Mean:     1.82684e+09
Max:      3653687000
StdDev:  ±1.82684e+09
