s173-vector.body
Count:    1
Min:      3653563000
Median:   8000017
Mean:     1.82678e+09
Max:      3653563000
StdDev:  ±1.82678e+09
