s173-vector.body
Count:    1
Min:      3684127000
Median:   8000017
Mean:     1.84206e+09
Max:      3684127000
StdDev:  ±1.84206e+09
