s173-vector.body
Count:    1
Min:      3654109000
Median:   8000017
Mean:     1.82705e+09
Max:      3654109000
StdDev:  ±1.82705e+09
