s173-vector.body
Count:    1
Min:      3653870000
Median:   8000017
Mean:     1.82694e+09
Max:      3653870000
StdDev:  ±1.82694e+09
