s173-vector.body
Count:    1
Min:      3749171000
Median:   8000017
Mean:     1.87459e+09
Max:      3749171000
StdDev:  ±1.87459e+09
