s173-vector.body
Count:    1
Min:      3749238000
Median:   8000017
Mean:     1.87462e+09
Max:      3749238000
StdDev:  ±1.87462e+09
