s173-vector.body
Count:    1
Min:      3652212000
Median:   8000017
Mean:     1.82611e+09
Max:      3652212000
StdDev:  ±1.82611e+09
