s173-vector.body
Count:    1
Min:      3652445000
Median:   8000017
Mean:     1.82622e+09
Max:      3652445000
StdDev:  ±1.82622e+09
