s173-vector.body
Count:    1
Min:      3749292000
Median:   8000017
Mean:     1.87465e+09
Max:      3749292000
StdDev:  ±1.87465e+09
