s173-vector.body
Count:    1
Min:      3685383000
Median:   8000017
Mean:     1.84269e+09
Max:      3685383000
StdDev:  ±1.84269e+09
