s173-vector.body
Count:    1
Min:      3780347000
Median:   8000017
Mean:     1.89017e+09
Max:      3780347000
StdDev:  ±1.89017e+09
