s173-vector.body
Count:    1
Min:      3780364000
Median:   8000017
Mean:     1.89018e+09
Max:      3780364000
StdDev:  ±1.89018e+09
