s331-for.body3
Count:    1
Min:      11159379476
Median:   8003586
Mean:     5.57969e+09
Max:      11159379476
StdDev:  ±5.57969e+09
