s331-for.body3
Count:    1
Min:      11158493253
Median:   8003586
Mean:     5.57925e+09
Max:      11158493253
StdDev:  ±5.57925e+09
