s331-for.body3
Count:    1
Min:      11158638885
Median:   8003586
Mean:     5.57932e+09
Max:      11158638885
StdDev:  ±5.57932e+09
