s331-for.body3
Count:    1
Min:      11158485844
Median:   8003586
Mean:     5.57924e+09
Max:      11158485844
StdDev:  ±5.57924e+09
