s331-for.body3
Count:    1
Min:      11160331802
Median:   8003586
Mean:     5.58017e+09
Max:      11160331802
StdDev:  ±5.58017e+09
