s331-for.body3
Count:    1
Min:      11161490642
Median:   8003586
Mean:     5.58075e+09
Max:      11161490642
StdDev:  ±5.58075e+09
