kernel_reg_detect_StrictFP-vector.body160
Count:    1
Min:      71111756
Median:   8003586
Mean:     3.55559e+07
Max:      71111756
StdDev:  ±3.55559e+07
