kernel_reg_detect_StrictFP-vector.body160
Count:    1
Min:      71088219
Median:   8003586
Mean:     3.55441e+07
Max:      71088219
StdDev:  ±3.55441e+07
