kernel_reg_detect_StrictFP-vector.body160
Count:    1
Min:      71111658
Median:   8003586
Mean:     3.55558e+07
Max:      71111658
StdDev:  ±3.55558e+07
