kernel_reg_detect_StrictFP-vector.body160
Count:    1
Min:      71084315
Median:   8003586
Mean:     3.55422e+07
Max:      71084315
StdDev:  ±3.55422e+07
