kernel_reg_detect_StrictFP-vector.body160
Count:    1
Min:      71057024
Median:   8003586
Mean:     3.55285e+07
Max:      71057024
StdDev:  ±3.55285e+07
