kernel_reg_detect_StrictFP-vector.body160
Count:    1
Min:      71089109
Median:   8003586
Mean:     3.55446e+07
Max:      71089109
StdDev:  ±3.55446e+07
