kernel_reg_detect_StrictFP-vector.body160
Count:    1
Min:      71063796
Median:   8003586
Mean:     3.55319e+07
Max:      71063796
StdDev:  ±3.55319e+07
