kernel_reg_detect_StrictFP-vector.body160
Count:    1
Min:      71106139
Median:   8003586
Mean:     3.55531e+07
Max:      71106139
StdDev:  ±3.55531e+07
