kernel_reg_detect_StrictFP-vector.body160
Count:    1
Min:      71094311
Median:   8003586
Mean:     3.55472e+07
Max:      71094311
StdDev:  ±3.55472e+07
