kernel_reg_detect_StrictFP-vector.body160
Count:    1
Min:      71077332
Median:   8003586
Mean:     3.55387e+07
Max:      71077332
StdDev:  ±3.55387e+07
