kernel_reg_detect_StrictFP-vector.body160
Count:    1
Min:      71189734
Median:   8003586
Mean:     3.55949e+07
Max:      71189734
StdDev:  ±3.55949e+07
