kernel_gesummv_StrictFP-for.body5
Count:    1
Min:      413441597
Median:   8003586
Mean:     2.06721e+08
Max:      413441597
StdDev:  ±2.06721e+08
