kernel_gesummv_StrictFP-for.body5
Count:    1
Min:      413588316
Median:   8003586
Mean:     2.06794e+08
Max:      413588316
StdDev:  ±2.06794e+08
