kernel_gesummv_StrictFP-for.body5
Count:    1
Min:      437284531
Median:   8003586
Mean:     2.18642e+08
Max:      437284531
StdDev:  ±2.18642e+08
