kernel_gesummv_StrictFP-for.body5
Count:    1
Min:      436475688
Median:   8003586
Mean:     2.18238e+08
Max:      436475688
StdDev:  ±2.18238e+08
