kernel_gesummv_StrictFP-for.body5
Count:    1
Min:      437001889
Median:   8003586
Mean:     2.18501e+08
Max:      437001889
StdDev:  ±2.18501e+08
