kernel_gesummv_StrictFP-for.body5
Count:    1
Min:      425206044
Median:   8003586
Mean:     2.12603e+08
Max:      425206044
StdDev:  ±2.12603e+08
