kernel_gesummv_StrictFP-for.body5
Count:    1
Min:      436391911
Median:   8003586
Mean:     2.18196e+08
Max:      436391911
StdDev:  ±2.18196e+08
