kernel_gesummv_StrictFP-for.body5
Count:    1
Min:      436711442
Median:   8003586
Mean:     2.18356e+08
Max:      436711442
StdDev:  ±2.18356e+08
