kernel_gesummv_StrictFP-for.body5
Count:    1
Min:      425532209
Median:   8003586
Mean:     2.12766e+08
Max:      425532209
StdDev:  ±2.12766e+08
