kernel_gesummv_StrictFP-for.body5
Count:    1
Min:      436405979
Median:   8003586
Mean:     2.18203e+08
Max:      436405979
StdDev:  ±2.18203e+08
