kernel_gesummv_StrictFP-for.body5
Count:    1
Min:      425558778
Median:   8003586
Mean:     2.12779e+08
Max:      425558778
StdDev:  ±2.12779e+08
