kernel_gesummv_StrictFP-for.body5
Count:    1
Min:      425326752
Median:   8003586
Mean:     2.12663e+08
Max:      425326752
StdDev:  ±2.12663e+08
