kernel_gesummv_StrictFP-for.body5
Count:    1
Min:      424944842
Median:   8003586
Mean:     2.12472e+08
Max:      424944842
StdDev:  ±2.12472e+08
