kernel_doitgen_StrictFP-for.body13
Count:    1
Min:      4610732492
Median:   8003586
Mean:     2.30537e+09
Max:      4610732492
StdDev:  ±2.30537e+09
