kernel_doitgen_StrictFP-for.body13
Count:    1
Min:      4622666492
Median:   8003586
Mean:     2.31133e+09
Max:      4622666492
StdDev:  ±2.31133e+09
