kernel_doitgen_StrictFP-for.body13
Count:    1
Min:      4620093040
Median:   8003586
Mean:     2.31005e+09
Max:      4620093040
StdDev:  ±2.31005e+09
