s322-for.body3
Count:    1
Min:      4202866016
Median:   8003586
Mean:     2.10143e+09
Max:      4202866016
StdDev:  ±2.10143e+09
