s322-for.body3
Count:    1
Min:      4075245004
Median:   8003586
Mean:     2.03762e+09
Max:      4075245004
StdDev:  ±2.03762e+09
