s422-for.body4
Count:    1
Min:      5319886836
Median:   8003586
Mean:     2.65994e+09
Max:      5319886836
StdDev:  ±2.65994e+09
