s276-for.body3
Count:    1
Min:      1488006000
Median:   8000017
Mean:     7.44003e+08
Max:      1488006000
StdDev:  ±7.44003e+08
