s276-for.body3
Count:    1
Min:      1518733000
Median:   8000017
Mean:     7.59366e+08
Max:      1518733000
StdDev:  ±7.59366e+08
