s276-for.body3
Count:    1
Min:      1595472000
Median:   8000017
Mean:     7.97736e+08
Max:      1595472000
StdDev:  ±7.97736e+08
