s276-for.body3
Count:    1
Min:      1609172000
Median:   8000017
Mean:     8.04586e+08
Max:      1609172000
StdDev:  ±8.04586e+08
