s276-for.body3
Count:    1
Min:      1609073000
Median:   8000017
Mean:     8.04536e+08
Max:      1609073000
StdDev:  ±8.04536e+08
