s276-for.body3
Count:    1
Min:      1608407000
Median:   8000017
Mean:     8.04204e+08
Max:      1608407000
StdDev:  ±8.04204e+08
