s276-for.body3
Count:    1
Min:      1606315000
Median:   8000017
Mean:     8.03158e+08
Max:      1606315000
StdDev:  ±8.03158e+08
