s276-for.body3
Count:    1
Min:      1606592000
Median:   8000017
Mean:     8.03296e+08
Max:      1606592000
StdDev:  ±8.03296e+08
