s276-for.body3
Count:    1
Min:      1609875000
Median:   8000017
Mean:     8.04938e+08
Max:      1609875000
StdDev:  ±8.04938e+08
