s276-for.body3
Count:    1
Min:      1609306000
Median:   8000017
Mean:     8.04653e+08
Max:      1609306000
StdDev:  ±8.04653e+08
