s276-for.body3
Count:    1
Min:      1560898000
Median:   8000017
Mean:     7.80449e+08
Max:      1560898000
StdDev:  ±7.80449e+08
