s276-for.body3
Count:    1
Min:      1524188000
Median:   8000017
Mean:     7.62094e+08
Max:      1524188000
StdDev:  ±7.62094e+08
