s276-for.body3
Count:    1
Min:      1531854000
Median:   8000017
Mean:     7.65927e+08
Max:      1531854000
StdDev:  ±7.65927e+08
