s276-for.body3
Count:    1
Min:      1531976000
Median:   8000017
Mean:     7.65988e+08
Max:      1531976000
StdDev:  ±7.65988e+08
