s127-for.body3
Count:    1
Min:      5683363593
Median:   8003586
Mean:     2.84168e+09
Max:      5683363593
StdDev:  ±2.84168e+09
