s127-for.body3
Count:    1
Min:      5935010331
Median:   8003586
Mean:     2.96751e+09
Max:      5935010331
StdDev:  ±2.96751e+09
