s127-for.body3
Count:    1
Min:      6001712595
Median:   8003586
Mean:     3.00086e+09
Max:      6001712595
StdDev:  ±3.00086e+09
