s127-for.body3
Count:    1
Min:      5765302596
Median:   8003586
Mean:     2.88265e+09
Max:      5765302596
StdDev:  ±2.88265e+09
