s127-for.body3
Count:    1
Min:      5964111993
Median:   8003586
Mean:     2.98206e+09
Max:      5964111993
StdDev:  ±2.98206e+09
