compdecomp-while.body234
Count:    30
Min:      1588778662
Median:   1589095399
Mean:     1.58952e+09
Max:      1603355018
StdDev:  ±2.33381e+06
