compdecomp-while.body234
Count:    30
Min:      1588531340
Median:   1588953769
Mean:     1.58943e+09
Max:      1603367126
StdDev:  ±2.64818e+06
