compdecomp-while.body234
Count:    30
Min:      1609065594
Median:   1609650450
Mean:     1.61005e+09
Max:      1623896206
StdDev:  ±2.35949e+06
