compdecomp-while.body234
Count:    30
Min:      1609114232
Median:   1609505227
Mean:     1.60989e+09
Max:      1623683935
StdDev:  ±2.32264e+06
