compdecomp-while.body234
Count:    30
Min:      1605054401
Median:   1605504565
Mean:     1.60591e+09
Max:      1619560711
StdDev:  ±2.35397e+06
