compdecomp-while.body234
Count:    30
Min:      1634347571
Median:   1634785700
Mean:     1.63531e+09
Max:      1648966899
StdDev:  ±2.45035e+06
