compdecomp-while.body234
Count:    30
Min:      1634270094
Median:   1634586489
Mean:     1.63503e+09
Max:      1649236123
StdDev:  ±2.39315e+06
