compdecomp-while.body234
Count:    30
Min:      1605207057
Median:   1605493974
Mean:     1.60594e+09
Max:      1620326114
StdDev:  ±2.40444e+06
