compdecomp-while.body234
Count:    30
Min:      1604858787
Median:   1605158106
Mean:     1.60561e+09
Max:      1619345201
StdDev:  ±2.31771e+06
