compdecomp-while.body234
Count:    30
Min:      1609082046
Median:   1609394761
Mean:     1.60983e+09
Max:      1623754733
StdDev:  ±2.35789e+06
