compdecomp-while.body234
Count:    30
Min:      1609293110
Median:   1609509116
Mean:     1.60996e+09
Max:      1623762035
StdDev:  ±2.32939e+06
