compdecomp-while.body234
Count:    30
Min:      1588704447
Median:   1589123763
Mean:     1.58968e+09
Max:      1603383696
StdDev:  ±2.39355e+06
