compdecomp-while.body234
Count:    30
Min:      1609131090
Median:   1609569718
Mean:     1.61023e+09
Max:      1624068724
StdDev:  ±2.49795e+06
