compdecomp-while.body234
Count:    30
Min:      1609144076
Median:   1609390110
Mean:     1.60985e+09
Max:      1623312209
StdDev:  ±2.31298e+06
