compdecomp-while.body234
Count:    30
Min:      1605229415
Median:   1605548562
Mean:     1.60596e+09
Max:      1619931872
StdDev:  ±2.33993e+06
