compdecomp-while.body234
Count:    30
Min:      1605178414
Median:   1605516051
Mean:     1.60595e+09
Max:      1619924193
StdDev:  ±2.37745e+06
