compdecomp-while.body234
Count:    30
Min:      1609107080
Median:   1609540957
Mean:     1.60996e+09
Max:      1623684263
StdDev:  ±2.33376e+06
