compdecomp-while.body234
Count:    30
Min:      1605042594
Median:   1605304616
Mean:     1.60576e+09
Max:      1620289308
StdDev:  ±2.41082e+06
