compdecomp-while.body234
Count:    30
Min:      1605385284
Median:   1605636069
Mean:     1.60604e+09
Max:      1619709418
StdDev:  ±2.33865e+06
