kernel_adi-for.body6
Count:    2
Min:      9720707457
Median:   9720707457
Mean:     9.74193e+09
Max:      9763153894
StdDev:  ±2.12232e+07
