kernel_adi-for.body6
Count:    2
Min:      9578973981
Median:   9578973981
Mean:     9.58077e+09
Max:      9582567112
StdDev:  ±1.79657e+06
