main-for.body
Count:    1
Min:      1813823000
Median:   8000017
Mean:     9.06912e+08
Max:      1813823000
StdDev:  ±9.06912e+08
