main-for.body
Count:    1
Min:      1813852000
Median:   8000017
Mean:     9.06926e+08
Max:      1813852000
StdDev:  ±9.06926e+08
