main-for.body
Count:    1
Min:      1869648000
Median:   8000017
Mean:     9.34824e+08
Max:      1869648000
StdDev:  ±9.34824e+08
