main-for.body
Count:    1
Min:      1813826000
Median:   8000017
Mean:     9.06913e+08
Max:      1813826000
StdDev:  ±9.06913e+08
