main-for.body
Count:    1
Min:      1869645000
Median:   8000017
Mean:     9.34822e+08
Max:      1869645000
StdDev:  ±9.34822e+08
