main-for.body
Count:    1
Min:      1813846000
Median:   8000017
Mean:     9.06923e+08
Max:      1813846000
StdDev:  ±9.06923e+08
