main-for.body
Count:    1
Min:      1813836000
Median:   8000017
Mean:     9.06918e+08
Max:      1813836000
StdDev:  ±9.06918e+08
