main-for.body
Count:    1
Min:      1813833000
Median:   8000017
Mean:     9.06916e+08
Max:      1813833000
StdDev:  ±9.06916e+08
