main-for.body
Count:    1
Min:      1785932000
Median:   8000017
Mean:     8.92966e+08
Max:      1785932000
StdDev:  ±8.92966e+08
