main-for.body
Count:    1
Min:      1869655000
Median:   8000017
Mean:     9.34828e+08
Max:      1869655000
StdDev:  ±9.34828e+08
