main-for.body
Count:    1
Min:      1869650000
Median:   8000017
Mean:     9.34825e+08
Max:      1869650000
StdDev:  ±9.34825e+08
