main-for.body
Count:    1
Min:      6990335189
Median:   8003586
Mean:     3.49517e+09
Max:      6990335189
StdDev:  ±3.49517e+09
