main-for.body
Count:    1
Min:      6987526073
Median:   8003586
Mean:     3.49376e+09
Max:      6987526073
StdDev:  ±3.49376e+09
