main-for.body
Count:    1
Min:      6990437517
Median:   8003586
Mean:     3.49522e+09
Max:      6990437517
StdDev:  ±3.49522e+09
