main-for.body
Count:    1
Min:      6987838848
Median:   8003586
Mean:     3.49392e+09
Max:      6987838848
StdDev:  ±3.49392e+09
