main-for.body
Count:    1
Min:      6988057037
Median:   8003586
Mean:     3.49403e+09
Max:      6988057037
StdDev:  ±3.49403e+09
