main-for.body
Count:    1
Min:      6987551770
Median:   8003586
Mean:     3.49378e+09
Max:      6987551770
StdDev:  ±3.49378e+09
