main-for.body
Count:    1
Min:      6987522106
Median:   8003586
Mean:     3.49376e+09
Max:      6987522106
StdDev:  ±3.49376e+09
