main-for.body
Count:    1
Min:      6989766996
Median:   8003586
Mean:     3.49488e+09
Max:      6989766996
StdDev:  ±3.49488e+09
