main-for.body
Count:    1
Min:      6989252003
Median:   8003586
Mean:     3.49463e+09
Max:      6989252003
StdDev:  ±3.49463e+09
