s244-for.body3
Count:    1
Min:      11075586768
Median:   8003586
Mean:     5.53779e+09
Max:      11075586768
StdDev:  ±5.53779e+09
