s244-for.body3
Count:    1
Min:      11380881074
Median:   8003586
Mean:     5.69044e+09
Max:      11380881074
StdDev:  ±5.69044e+09
