s244-for.body3
Count:    1
Min:      11278470806
Median:   8003586
Mean:     5.63924e+09
Max:      11278470806
StdDev:  ±5.63924e+09
