s244-for.body3
Count:    1
Min:      11386387774
Median:   8003586
Mean:     5.69319e+09
Max:      11386387774
StdDev:  ±5.69319e+09
