s244-for.body3
Count:    1
Min:      11580841660
Median:   8003586
Mean:     5.79042e+09
Max:      11580841660
StdDev:  ±5.79042e+09
