s244-for.body3
Count:    1
Min:      11614962920
Median:   8003586
Mean:     5.80748e+09
Max:      11614962920
StdDev:  ±5.80748e+09
