s244-for.body3
Count:    1
Min:      11364237466
Median:   8003586
Mean:     5.68212e+09
Max:      11364237466
StdDev:  ±5.68212e+09
