s244-for.body3
Count:    1
Min:      11422497118
Median:   8003586
Mean:     5.71125e+09
Max:      11422497118
StdDev:  ±5.71125e+09
