s244-for.body3
Count:    1
Min:      11268985554
Median:   8003586
Mean:     5.63449e+09
Max:      11268985554
StdDev:  ±5.63449e+09
