s244-for.body3
Count:    1
Min:      11228989737
Median:   8003586
Mean:     5.61449e+09
Max:      11228989737
StdDev:  ±5.61449e+09
