s244-for.body3
Count:    1
Min:      11783937417
Median:   8003586
Mean:     5.89197e+09
Max:      11783937417
StdDev:  ±5.89197e+09
