s211-for.body3
Count:    1
Min:      24823324852
Median:   8003586
Mean:     1.24117e+10
Max:      24823324852
StdDev:  ±1.24117e+10
