s211-for.body3
Count:    1
Min:      24058801283
Median:   8003586
Mean:     1.20294e+10
Max:      24058801283
StdDev:  ±1.20294e+10
