s211-for.body3
Count:    1
Min:      24762120284
Median:   8003586
Mean:     1.23811e+10
Max:      24762120284
StdDev:  ±1.23811e+10
