s211-for.body3
Count:    1
Min:      24286385243
Median:   8003586
Mean:     1.21432e+10
Max:      24286385243
StdDev:  ±1.21432e+10
