s211-for.body3
Count:    1
Min:      24675487305
Median:   8003586
Mean:     1.23377e+10
Max:      24675487305
StdDev:  ±1.23377e+10
