s211-for.body3
Count:    1
Min:      24230404350
Median:   8003586
Mean:     1.21152e+10
Max:      24230404350
StdDev:  ±1.21152e+10
