s211-for.body3
Count:    1
Min:      24669796635
Median:   8003586
Mean:     1.23349e+10
Max:      24669796635
StdDev:  ±1.23349e+10
