s211-for.body3
Count:    1
Min:      24047719938
Median:   8003586
Mean:     1.20239e+10
Max:      24047719938
StdDev:  ±1.20239e+10
