s211-for.body3
Count:    1
Min:      25078194877
Median:   8003586
Mean:     1.25391e+10
Max:      25078194877
StdDev:  ±1.25391e+10
