s211-for.body3
Count:    1
Min:      24933463981
Median:   8003586
Mean:     1.24667e+10
Max:      24933463981
StdDev:  ±1.24667e+10
