s211-for.body3
Count:    1
Min:      24375121231
Median:   8003586
Mean:     1.21876e+10
Max:      24375121231
StdDev:  ±1.21876e+10
