s211-for.body3
Count:    1
Min:      24109394971
Median:   8003586
Mean:     1.20547e+10
Max:      24109394971
StdDev:  ±1.20547e+10
