mm_inner-for.body8.us
Count:    4096
Min:      5553231
Median:   6299161
Mean:     9.72586e+06
Max:      17261405
StdDev:  ±4.39203e+06
