mm_inner-for.body8.us
Count:    4096
Min:      5354281
Median:   6072661
Mean:     9.03416e+06
Max:      16472370
StdDev:  ±3.83928e+06
