mm_inner-for.body8.us
Count:    4096
Min:      5607842
Median:   8873058
Mean:     9.38214e+06
Max:      16646131
StdDev:  ±3.67838e+06
