mm_inner-for.body8.us
Count:    4096
Min:      5435914
Median:   6194811
Mean:     8.48885e+06
Max:      16206282
StdDev:  ±3.56807e+06
