mm_inner-for.body8.us
Count:    4096
Min:      5599854
Median:   7839087
Mean:     9.76314e+06
Max:      16816856
StdDev:  ±4.00061e+06
