mm_inner-for.body8.us
Count:    4096
Min:      5665296
Median:   7437982
Mean:     9.22805e+06
Max:      15785796
StdDev:  ±3.48959e+06
