mm_inner-for.body8.us
Count:    4096
Min:      5397664
Median:   6242181
Mean:     8.93532e+06
Max:      16556329
StdDev:  ±3.79835e+06
