mm_inner-for.body8.us
Count:    4096
Min:      5608112
Median:   6693934
Mean:     9.70468e+06
Max:      17560212
StdDev:  ±4.02543e+06
