mm_inner-for.body8.us
Count:    4096
Min:      5689002
Median:   6412536
Mean:     8.36014e+06
Max:      15755357
StdDev:  ±3.40025e+06
