main-for.body9
Count:    1
Min:      3718770342
Median:   8003586
Mean:     1.85939e+09
Max:      3718770342
StdDev:  ±1.85939e+09
