main-for.body9
Count:    1
Min:      3719163885
Median:   8003586
Mean:     1.85958e+09
Max:      3719163885
StdDev:  ±1.85958e+09
