main-for.body9
Count:    1
Min:      3836253691
Median:   8003586
Mean:     1.91813e+09
Max:      3836253691
StdDev:  ±1.91813e+09
