main-for.body9
Count:    1
Min:      3841415843
Median:   8003586
Mean:     1.92071e+09
Max:      3841415843
StdDev:  ±1.92071e+09
