main-for.body9
Count:    1
Min:      3718892530
Median:   8003586
Mean:     1.85945e+09
Max:      3718892530
StdDev:  ±1.85945e+09
