main-for.body9
Count:    1
Min:      3721837158
Median:   8003586
Mean:     1.86092e+09
Max:      3721837158
StdDev:  ±1.86092e+09
