main-for.body9
Count:    1
Min:      3723385153
Median:   8003586
Mean:     1.86169e+09
Max:      3723385153
StdDev:  ±1.86169e+09
