main-for.body9
Count:    1
Min:      3723851593
Median:   8003586
Mean:     1.86193e+09
Max:      3723851593
StdDev:  ±1.86193e+09
