s331-for.body3
Count:    1
Min:      5494080000
Median:   8000017
Mean:     2.74704e+09
Max:      5494080000
StdDev:  ±2.74704e+09
