s331-for.body3
Count:    1
Min:      5493934000
Median:   8000017
Mean:     2.74697e+09
Max:      5493934000
StdDev:  ±2.74697e+09
