s331-for.body3
Count:    1
Min:      5494061000
Median:   8000017
Mean:     2.74703e+09
Max:      5494061000
StdDev:  ±2.74703e+09
