s331-for.body3
Count:    1
Min:      5494121000
Median:   8000017
Mean:     2.74706e+09
Max:      5494121000
StdDev:  ±2.74706e+09
