s331-for.body3
Count:    1
Min:      5493857000
Median:   8000017
Mean:     2.74693e+09
Max:      5493857000
StdDev:  ±2.74693e+09
