s331-for.body3
Count:    1
Min:      5493984000
Median:   8000017
Mean:     2.74699e+09
Max:      5493984000
StdDev:  ±2.74699e+09
