s331-for.body3
Count:    1
Min:      5494582000
Median:   8000017
Mean:     2.74729e+09
Max:      5494582000
StdDev:  ±2.74729e+09
