s331-for.body3
Count:    1
Min:      5493777000
Median:   8000017
Mean:     2.74689e+09
Max:      5493777000
StdDev:  ±2.74689e+09
