kernel_correlation-for.body105
Count:    2
Min:      27288242738
Median:   27288242738
Mean:     2.72917e+10
Max:      27295121893
StdDev:  ±3.43958e+06
