s276-for.body3
Count:    1
Min:      4520721339
Median:   8003586
Mean:     2.26036e+09
Max:      4520721339
StdDev:  ±2.26036e+09
