s276-for.body3
Count:    1
Min:      4273121704
Median:   8003586
Mean:     2.13656e+09
Max:      4273121704
StdDev:  ±2.13656e+09
