s276-for.body3
Count:    1
Min:      4230484491
Median:   8003586
Mean:     2.11524e+09
Max:      4230484491
StdDev:  ±2.11524e+09
