s276-for.body3
Count:    1
Min:      4209251878
Median:   8003586
Mean:     2.10463e+09
Max:      4209251878
StdDev:  ±2.10463e+09
