s276-for.body3
Count:    1
Min:      4278442518
Median:   8003586
Mean:     2.13922e+09
Max:      4278442518
StdDev:  ±2.13922e+09
