s276-for.body3
Count:    1
Min:      4249083745
Median:   8003586
Mean:     2.12454e+09
Max:      4249083745
StdDev:  ±2.12454e+09
