s276-for.body3
Count:    1
Min:      4484780725
Median:   8003586
Mean:     2.24239e+09
Max:      4484780725
StdDev:  ±2.24239e+09
