s276-for.body3
Count:    1
Min:      4428934365
Median:   8003586
Mean:     2.21447e+09
Max:      4428934365
StdDev:  ±2.21447e+09
