s276-for.body3
Count:    1
Min:      4426870471
Median:   8003586
Mean:     2.21344e+09
Max:      4426870471
StdDev:  ±2.21344e+09
