s276-for.body3
Count:    1
Min:      4444584718
Median:   8003586
Mean:     2.22229e+09
Max:      4444584718
StdDev:  ±2.22229e+09
