s276-for.body3
Count:    1
Min:      4037014298
Median:   8003586
Mean:     2.01851e+09
Max:      4037014298
StdDev:  ±2.01851e+09
