s276-for.body3
Count:    1
Min:      4183684105
Median:   8003586
Mean:     2.09184e+09
Max:      4183684105
StdDev:  ±2.09184e+09
