s276-for.body3
Count:    1
Min:      3775029032
Median:   8003586
Mean:     1.88751e+09
Max:      3775029032
StdDev:  ±1.88751e+09
