s276-for.body3
Count:    1
Min:      3770694630
Median:   8003586
Mean:     1.88535e+09
Max:      3770694630
StdDev:  ±1.88535e+09
