s276-for.body3
Count:    1
Min:      4417556586
Median:   8003586
Mean:     2.20878e+09
Max:      4417556586
StdDev:  ±2.20878e+09
