s276-for.body3
Count:    1
Min:      4422459316
Median:   8003586
Mean:     2.21123e+09
Max:      4422459316
StdDev:  ±2.21123e+09
