s276-for.body3
Count:    1
Min:      4450471399
Median:   8003586
Mean:     2.22524e+09
Max:      4450471399
StdDev:  ±2.22524e+09
