s276-for.body3
Count:    1
Min:      4450490883
Median:   8003586
Mean:     2.22525e+09
Max:      4450490883
StdDev:  ±2.22525e+09
