s276-for.body3
Count:    1
Min:      4409940739
Median:   8003586
Mean:     2.20497e+09
Max:      4409940739
StdDev:  ±2.20497e+09
