s276-for.body3
Count:    1
Min:      4427846946
Median:   8003586
Mean:     2.21392e+09
Max:      4427846946
StdDev:  ±2.21392e+09
