TreeAlloc-if.else
Count:    1
Min:      1124970856
Median:   8003586
Mean:     5.62485e+08
Max:      1124970856
StdDev:  ±5.62485e+08
