TreeAlloc-if.else
Count:    1
Min:      1127110933
Median:   8003586
Mean:     5.63555e+08
Max:      1127110933
StdDev:  ±5.63555e+08
