TreeAlloc-if.else
Count:    1
Min:      1131318115
Median:   8003586
Mean:     5.65659e+08
Max:      1131318115
StdDev:  ±5.65659e+08
