TreeAlloc-if.else
Count:    1
Min:      1131848429
Median:   8003586
Mean:     5.65924e+08
Max:      1131848429
StdDev:  ±5.65924e+08
