TreeAlloc-if.else
Count:    1
Min:      1130743285
Median:   8003586
Mean:     5.65372e+08
Max:      1130743285
StdDev:  ±5.65372e+08
