TreeAlloc-if.else
Count:    1
Min:      1127562296
Median:   8003586
Mean:     5.63781e+08
Max:      1127562296
StdDev:  ±5.63781e+08
