TreeAlloc-if.else
Count:    1
Min:      1133263274
Median:   8003586
Mean:     5.66632e+08
Max:      1133263274
StdDev:  ±5.66632e+08
