TreeAlloc-if.else
Count:    1
Min:      1132101189
Median:   8003586
Mean:     5.66051e+08
Max:      1132101189
StdDev:  ±5.66051e+08
