TreeAlloc-if.else
Count:    1
Min:      1130263323
Median:   8003586
Mean:     5.65132e+08
Max:      1130263323
StdDev:  ±5.65132e+08
