TreeAlloc-if.else
Count:    1
Min:      1135045791
Median:   8003586
Mean:     5.67523e+08
Max:      1135045791
StdDev:  ±5.67523e+08
