schedule-sw.bb5
Count:    1
Min:      4118012000
Median:   8000017
Mean:     2.05901e+09
Max:      4118012000
StdDev:  ±2.05901e+09
