schedule-sw.bb5
Count:    1
Min:      4111489000
Median:   8000017
Mean:     2.05574e+09
Max:      4111489000
StdDev:  ±2.05574e+09
