schedule-sw.bb5
Count:    1
Min:      4112050000
Median:   8000017
Mean:     2.05602e+09
Max:      4112050000
StdDev:  ±2.05602e+09
