schedule-sw.bb5
Count:    1
Min:      4111227000
Median:   8000017
Mean:     2.05561e+09
Max:      4111227000
StdDev:  ±2.05561e+09
