schedule-sw.bb5
Count:    1
Min:      4111931000
Median:   8000017
Mean:     2.05597e+09
Max:      4111931000
StdDev:  ±2.05597e+09
