schedule-sw.bb5
Count:    1
Min:      4110911000
Median:   8000017
Mean:     2.05546e+09
Max:      4110911000
StdDev:  ±2.05546e+09
