schedule-sw.bb5
Count:    1
Min:      4111618000
Median:   8000017
Mean:     2.05581e+09
Max:      4111618000
StdDev:  ±2.05581e+09
