schedule-sw.bb5
Count:    1
Min:      4111275000
Median:   8000017
Mean:     2.05564e+09
Max:      4111275000
StdDev:  ±2.05564e+09
