schedule-sw.bb5
Count:    1
Min:      4108955000
Median:   8000017
Mean:     2.05448e+09
Max:      4108955000
StdDev:  ±2.05448e+09
