schedule-sw.bb5
Count:    1
Min:      4107977000
Median:   8000017
Mean:     2.05399e+09
Max:      4107977000
StdDev:  ±2.05399e+09
