schedule-sw.bb5
Count:    1
Min:      4127305000
Median:   8000017
Mean:     2.06365e+09
Max:      4127305000
StdDev:  ±2.06365e+09
