schedule-sw.bb5
Count:    1
Min:      4127324000
Median:   8000017
Mean:     2.06366e+09
Max:      4127324000
StdDev:  ±2.06366e+09
