schedule-sw.bb5
Count:    1
Min:      4111118000
Median:   8000017
Mean:     2.05556e+09
Max:      4111118000
StdDev:  ±2.05556e+09
