schedule-sw.bb5
Count:    1
Min:      4111071000
Median:   8000017
Mean:     2.05554e+09
Max:      4111071000
StdDev:  ±2.05554e+09
