schedule-sw.bb5
Count:    1
Min:      4111259000
Median:   8000017
Mean:     2.05563e+09
Max:      4111259000
StdDev:  ±2.05563e+09
