schedule-sw.bb5
Count:    1
Min:      4110974000
Median:   8000017
Mean:     2.05549e+09
Max:      4110974000
StdDev:  ±2.05549e+09
