schedule-sw.bb5
Count:    1
Min:      3793918221
Median:   8003586
Mean:     1.89696e+09
Max:      3793918221
StdDev:  ±1.89696e+09
