schedule-sw.bb5
Count:    1
Min:      3780892052
Median:   8003586
Mean:     1.89045e+09
Max:      3780892052
StdDev:  ±1.89045e+09
