schedule-sw.bb5
Count:    1
Min:      3794047685
Median:   8003586
Mean:     1.89702e+09
Max:      3794047685
StdDev:  ±1.89702e+09
