schedule-sw.bb5
Count:    1
Min:      3793229591
Median:   8003586
Mean:     1.89661e+09
Max:      3793229591
StdDev:  ±1.89661e+09
