schedule-sw.bb5
Count:    1
Min:      3780735830
Median:   8003586
Mean:     1.89037e+09
Max:      3780735830
StdDev:  ±1.89037e+09
