schedule-sw.bb5
Count:    1
Min:      3802680192
Median:   8003586
Mean:     1.90134e+09
Max:      3802680192
StdDev:  ±1.90134e+09
