schedule-sw.bb5
Count:    1
Min:      3798025915
Median:   8003586
Mean:     1.89901e+09
Max:      3798025915
StdDev:  ±1.89901e+09
