schedule-sw.bb5
Count:    1
Min:      3791878420
Median:   8003586
Mean:     1.89594e+09
Max:      3791878420
StdDev:  ±1.89594e+09
