schedule-sw.bb5
Count:    1
Min:      3794905376
Median:   8003586
Mean:     1.89745e+09
Max:      3794905376
StdDev:  ±1.89745e+09
