schedule-sw.bb5
Count:    1
Min:      3793385268
Median:   8003586
Mean:     1.89669e+09
Max:      3793385268
StdDev:  ±1.89669e+09
