main-while.body243
Count:    1
Min:      228013000
Median:   8000017
Mean:     1.14006e+08
Max:      228013000
StdDev:  ±1.14006e+08
