main-while.body243
Count:    1
Min:      220477000
Median:   8000017
Mean:     1.10238e+08
Max:      220477000
StdDev:  ±1.10238e+08
