main-while.body243
Count:    1
Min:      230066000
Median:   8000017
Mean:     1.15033e+08
Max:      230066000
StdDev:  ±1.15033e+08
