main-while.body243
Count:    1
Min:      220672000
Median:   8000017
Mean:     1.10336e+08
Max:      220672000
StdDev:  ±1.10336e+08
