main-while.body243
Count:    1
Min:      218725000
Median:   8000017
Mean:     1.09362e+08
Max:      218725000
StdDev:  ±1.09362e+08
