main-while.body243
Count:    1
Min:      223102000
Median:   8000017
Mean:     1.11551e+08
Max:      223102000
StdDev:  ±1.11551e+08
