main-while.body243
Count:    1
Min:      227636000
Median:   8000017
Mean:     1.13818e+08
Max:      227636000
StdDev:  ±1.13818e+08
