main-while.body243
Count:    1
Min:      219492000
Median:   8000017
Mean:     1.09746e+08
Max:      219492000
StdDev:  ±1.09746e+08
