main-while.body243
Count:    1
Min:      215703000
Median:   8000017
Mean:     1.07852e+08
Max:      215703000
StdDev:  ±1.07852e+08
