main-while.body243
Count:    1
Min:      221414000
Median:   8000017
Mean:     1.10707e+08
Max:      221414000
StdDev:  ±1.10707e+08
