main-while.body243
Count:    1
Min:      221848000
Median:   8000017
Mean:     1.10924e+08
Max:      221848000
StdDev:  ±1.10924e+08
