main-while.body243
Count:    1
Min:      221286000
Median:   8000017
Mean:     1.10643e+08
Max:      221286000
StdDev:  ±1.10643e+08
