main-while.body243
Count:    1
Min:      216894000
Median:   8000017
Mean:     1.08447e+08
Max:      216894000
StdDev:  ±1.08447e+08
