main-while.body243
Count:    1
Min:      221552000
Median:   8000017
Mean:     1.10776e+08
Max:      221552000
StdDev:  ±1.10776e+08
