main-while.body243
Count:    1
Min:      221775000
Median:   8000017
Mean:     1.10888e+08
Max:      221775000
StdDev:  ±1.10888e+08
