main-while.body243
Count:    1
Min:      220788000
Median:   8000017
Mean:     1.10394e+08
Max:      220788000
StdDev:  ±1.10394e+08
