main-while.body243
Count:    1
Min:      226888000
Median:   8000017
Mean:     1.13444e+08
Max:      226888000
StdDev:  ±1.13444e+08
