main-while.body243
Count:    1
Min:      220629000
Median:   8000017
Mean:     1.10314e+08
Max:      220629000
StdDev:  ±1.10314e+08
