main-for.body18
Count:    1
Min:      7940919996
Median:   8003586
Mean:     3.97046e+09
Max:      7940919996
StdDev:  ±3.97046e+09
