main-for.body18
Count:    1
Min:      7946426473
Median:   8003586
Mean:     3.97321e+09
Max:      7946426473
StdDev:  ±3.97321e+09
