main-for.body18
Count:    1
Min:      7944419791
Median:   8003586
Mean:     3.97221e+09
Max:      7944419791
StdDev:  ±3.97221e+09
