main-for.body18
Count:    1
Min:      7990101738
Median:   8003586
Mean:     3.99505e+09
Max:      7990101738
StdDev:  ±3.99505e+09
