main-for.body18
Count:    1
Min:      7989420658
Median:   8003586
Mean:     3.99471e+09
Max:      7989420658
StdDev:  ±3.99471e+09
