main-for.body18
Count:    1
Min:      7984336535
Median:   8003586
Mean:     3.99217e+09
Max:      7984336535
StdDev:  ±3.99217e+09
