main-for.body18
Count:    1
Min:      7988835483
Median:   8003586
Mean:     3.99442e+09
Max:      7988835483
StdDev:  ±3.99442e+09
