main-for.body18
Count:    1
Min:      7989373515
Median:   8003586
Mean:     3.99469e+09
Max:      7989373515
StdDev:  ±3.99469e+09
