main-for.body18
Count:    1
Min:      7945898019
Median:   8003586
Mean:     3.97295e+09
Max:      7945898019
StdDev:  ±3.97295e+09
