main-for.body18
Count:    1
Min:      7954232894
Median:   8003586
Mean:     3.97712e+09
Max:      7954232894
StdDev:  ±3.97712e+09
