main-for.body18
Count:    1
Min:      7941027857
Median:   8003586
Mean:     3.97051e+09
Max:      7941027857
StdDev:  ±3.97051e+09
