main-for.body18
Count:    1
Min:      7937750555
Median:   8003586
Mean:     3.96888e+09
Max:      7937750555
StdDev:  ±3.96888e+09
