main-for.body18
Count:    1
Min:      7912170049
Median:   8003586
Mean:     3.95609e+09
Max:      7912170049
StdDev:  ±3.95609e+09
