main-for.body18
Count:    1
Min:      7918385304
Median:   8003586
Mean:     3.95919e+09
Max:      7918385304
StdDev:  ±3.95919e+09
