main-for.body18
Count:    1
Min:      7965148071
Median:   8003586
Mean:     3.98257e+09
Max:      7965148071
StdDev:  ±3.98257e+09
