main-for.body18
Count:    1
Min:      7944502622
Median:   8003586
Mean:     3.97225e+09
Max:      7944502622
StdDev:  ±3.97225e+09
