main-for.body18
Count:    1
Min:      7944519563
Median:   8003586
Mean:     3.97226e+09
Max:      7944519563
StdDev:  ±3.97226e+09
