main-for.body18
Count:    1
Min:      7912082772
Median:   8003586
Mean:     3.95604e+09
Max:      7912082772
StdDev:  ±3.95604e+09
