main-for.body
Count:    1
Min:      8562415000
Median:   8000017
Mean:     4.28121e+09
Max:      8562415000
StdDev:  ±4.28121e+09
