main-for.body
Count:    1
Min:      8562306000
Median:   8000017
Mean:     4.28115e+09
Max:      8562306000
StdDev:  ±4.28115e+09
