main-for.body
Count:    1
Min:      8559169000
Median:   8000017
Mean:     4.27958e+09
Max:      8559169000
StdDev:  ±4.27958e+09
