main-for.body
Count:    1
Min:      8559069000
Median:   8000017
Mean:     4.27953e+09
Max:      8559069000
StdDev:  ±4.27953e+09
