main-for.body
Count:    1
Min:      8563836000
Median:   8000017
Mean:     4.28192e+09
Max:      8563836000
StdDev:  ±4.28192e+09
