main-for.body
Count:    1
Min:      8563064000
Median:   8000017
Mean:     4.28153e+09
Max:      8563064000
StdDev:  ±4.28153e+09
