main-for.body
Count:    1
Min:      8556717000
Median:   8000017
Mean:     4.27836e+09
Max:      8556717000
StdDev:  ±4.27836e+09
