main-for.body
Count:    1
Min:      8558974000
Median:   8000017
Mean:     4.27949e+09
Max:      8558974000
StdDev:  ±4.27949e+09
