main-for.body
Count:    1
Min:      8559126000
Median:   8000017
Mean:     4.27956e+09
Max:      8559126000
StdDev:  ±4.27956e+09
