main-for.body
Count:    1
Min:      8549154000
Median:   8000017
Mean:     4.27458e+09
Max:      8549154000
StdDev:  ±4.27458e+09
