main-for.body
Count:    1
Min:      8549227000
Median:   8000017
Mean:     4.27461e+09
Max:      8549227000
StdDev:  ±4.27461e+09
