main-for.body
Count:    1
Min:      8559983000
Median:   8000017
Mean:     4.27999e+09
Max:      8559983000
StdDev:  ±4.27999e+09
