main-for.body
Count:    1
Min:      8559906000
Median:   8000017
Mean:     4.27995e+09
Max:      8559906000
StdDev:  ±4.27995e+09
