main-for.body
Count:    1
Min:      8561728000
Median:   8000017
Mean:     4.28086e+09
Max:      8561728000
StdDev:  ±4.28086e+09
