main-for.body
Count:    1
Min:      8561706000
Median:   8000017
Mean:     4.28085e+09
Max:      8561706000
StdDev:  ±4.28085e+09
