main-for.body
Count:    1
Min:      8564864000
Median:   8000017
Mean:     4.28243e+09
Max:      8564864000
StdDev:  ±4.28243e+09
