main-for.body
Count:    1
Min:      8564719000
Median:   8000017
Mean:     4.28236e+09
Max:      8564719000
StdDev:  ±4.28236e+09
