main-for.body
Count:    1
Min:      8558549000
Median:   8000017
Mean:     4.27927e+09
Max:      8558549000
StdDev:  ±4.27927e+09
