main-for.body
Count:    1
Min:      8563281000
Median:   8000017
Mean:     4.28164e+09
Max:      8563281000
StdDev:  ±4.28164e+09
