main-for.body
Count:    1
Min:      8563255000
Median:   8000017
Mean:     4.28163e+09
Max:      8563255000
StdDev:  ±4.28163e+09
