s322-for.body3
Count:    1
Min:      6104829790
Median:   8003586
Mean:     3.05241e+09
Max:      6104829790
StdDev:  ±3.05241e+09
