s4114-for.body3.us
Count:    1
Min:      2513077000
Median:   8000017
Mean:     1.25654e+09
Max:      2513077000
StdDev:  ±1.25654e+09
