s4114-for.body3.us
Count:    1
Min:      2582754000
Median:   8000017
Mean:     1.29138e+09
Max:      2582754000
StdDev:  ±1.29138e+09
