s4114-for.body3.us
Count:    1
Min:      2639177000
Median:   8000017
Mean:     1.31959e+09
Max:      2639177000
StdDev:  ±1.31959e+09
