s4114-for.body3.us
Count:    1
Min:      2639153000
Median:   8000017
Mean:     1.31958e+09
Max:      2639153000
StdDev:  ±1.31958e+09
