s4114-for.body3.us
Count:    1
Min:      2873184000
Median:   8000017
Mean:     1.43659e+09
Max:      2873184000
StdDev:  ±1.43659e+09
