s4114-for.body3.us
Count:    1
Min:      2873768000
Median:   8000017
Mean:     1.43688e+09
Max:      2873768000
StdDev:  ±1.43688e+09
