s4114-for.body3.us
Count:    1
Min:      2583365000
Median:   8000017
Mean:     1.29168e+09
Max:      2583365000
StdDev:  ±1.29168e+09
