s4114-for.body3.us
Count:    1
Min:      2866839000
Median:   8000017
Mean:     1.43342e+09
Max:      2866839000
StdDev:  ±1.43342e+09
