s4114-for.body3.us
Count:    1
Min:      2870294000
Median:   8000017
Mean:     1.43515e+09
Max:      2870294000
StdDev:  ±1.43515e+09
