s4114-for.body3.us
Count:    1
Min:      2870716000
Median:   8000017
Mean:     1.43536e+09
Max:      2870716000
StdDev:  ±1.43536e+09
