s4114-for.body3.us
Count:    1
Min:      2753058000
Median:   8000017
Mean:     1.37653e+09
Max:      2753058000
StdDev:  ±1.37653e+09
