s4114-for.body3.us
Count:    1
Min:      2724816000
Median:   8000017
Mean:     1.36241e+09
Max:      2724816000
StdDev:  ±1.36241e+09
