s4114-for.body3.us
Count:    1
Min:      2724868000
Median:   8000017
Mean:     1.36243e+09
Max:      2724868000
StdDev:  ±1.36243e+09
