s4114-for.body3.us
Count:    1
Min:      2696932000
Median:   8000017
Mean:     1.34847e+09
Max:      2696932000
StdDev:  ±1.34847e+09
