s4114-for.body3.us
Count:    1
Min:      2655299000
Median:   8000017
Mean:     1.32765e+09
Max:      2655299000
StdDev:  ±1.32765e+09
