s4114-for.body3.us
Count:    1
Min:      2655265000
Median:   8000017
Mean:     1.32763e+09
Max:      2655265000
StdDev:  ±1.32763e+09
