kernel_fdtd_2d_StrictFP-vector.body
Count:    1
Min:      2532747588
Median:   8003586
Mean:     1.26637e+09
Max:      2532747588
StdDev:  ±1.26637e+09
