kernel_fdtd_2d_StrictFP-vector.body
Count:    1
Min:      2541862683
Median:   8003586
Mean:     1.27093e+09
Max:      2541862683
StdDev:  ±1.27093e+09
