kernel_fdtd_2d_StrictFP-vector.body
Count:    1
Min:      2531430940
Median:   8003586
Mean:     1.26572e+09
Max:      2531430940
StdDev:  ±1.26572e+09
