kernel_fdtd_2d_StrictFP-vector.body
Count:    1
Min:      2491415435
Median:   8003586
Mean:     1.24571e+09
Max:      2491415435
StdDev:  ±1.24571e+09
