kernel_fdtd_2d_StrictFP-vector.body
Count:    1
Min:      2544954605
Median:   8003586
Mean:     1.27248e+09
Max:      2544954605
StdDev:  ±1.27248e+09
