kernel_fdtd_2d_StrictFP-vector.body
Count:    1
Min:      2531572086
Median:   8003586
Mean:     1.26579e+09
Max:      2531572086
StdDev:  ±1.26579e+09
