kernel_fdtd_2d_StrictFP-vector.body
Count:    1
Min:      2536728575
Median:   8003586
Mean:     1.26836e+09
Max:      2536728575
StdDev:  ±1.26836e+09
