kernel_fdtd_2d_StrictFP-vector.body
Count:    1
Min:      2518877591
Median:   8003586
Mean:     1.25944e+09
Max:      2518877591
StdDev:  ±1.25944e+09
