s331-for.body3
Count:    1
Min:      5491471000
Median:   8000017
Mean:     2.74574e+09
Max:      5491471000
StdDev:  ±2.74574e+09
