s331-for.body3
Count:    1
Min:      5491186000
Median:   8000017
Mean:     2.74559e+09
Max:      5491186000
StdDev:  ±2.74559e+09
