s331-for.body3
Count:    1
Min:      6038870000
Median:   8000017
Mean:     3.01944e+09
Max:      6038870000
StdDev:  ±3.01944e+09
