kernel_fdtd_2d_StrictFP-vector.body
Count:    1
Min:      2555978950
Median:   8003586
Mean:     1.27799e+09
Max:      2555978950
StdDev:  ±1.27799e+09
