kernel_fdtd_2d_StrictFP-vector.body
Count:    1
Min:      2540881872
Median:   8003586
Mean:     1.27044e+09
Max:      2540881872
StdDev:  ±1.27044e+09
