kernel_fdtd_2d_StrictFP-vector.body
Count:    1
Min:      2534222382
Median:   8003586
Mean:     1.26711e+09
Max:      2534222382
StdDev:  ±1.26711e+09
