kernel_fdtd_2d_StrictFP-vector.body
Count:    1
Min:      2530743752
Median:   8003586
Mean:     1.26537e+09
Max:      2530743752
StdDev:  ±1.26537e+09
