kernel_fdtd_2d_StrictFP-vector.body
Count:    1
Min:      2525315424
Median:   8003586
Mean:     1.26266e+09
Max:      2525315424
StdDev:  ±1.26266e+09
