kernel_fdtd_2d_StrictFP-vector.body
Count:    1
Min:      2519589519
Median:   8003586
Mean:     1.25979e+09
Max:      2519589519
StdDev:  ±1.25979e+09
