kernel_fdtd_2d_StrictFP-vector.body
Count:    1
Min:      2488094477
Median:   8003586
Mean:     1.24405e+09
Max:      2488094477
StdDev:  ±1.24405e+09
