kernel_fdtd_2d_StrictFP-vector.body
Count:    1
Min:      2533127686
Median:   8003586
Mean:     1.26656e+09
Max:      2533127686
StdDev:  ±1.26656e+09
