main-for.body12
Count:    1
Min:      16108666463
Median:   8003586
Mean:     8.05433e+09
Max:      16108666463
StdDev:  ±8.05433e+09
