main-for.body12
Count:    1
Min:      15754513950
Median:   8003586
Mean:     7.87726e+09
Max:      15754513950
StdDev:  ±7.87726e+09
