main-for.body12
Count:    1
Min:      16112124501
Median:   8003586
Mean:     8.05606e+09
Max:      16112124501
StdDev:  ±8.05606e+09
