main-for.body12
Count:    1
Min:      16116504030
Median:   8003586
Mean:     8.05825e+09
Max:      16116504030
StdDev:  ±8.05825e+09
