main-for.body12
Count:    1
Min:      16113029337
Median:   8003586
Mean:     8.05651e+09
Max:      16113029337
StdDev:  ±8.05651e+09
