main-for.body12
Count:    1
Min:      16113045794
Median:   8003586
Mean:     8.05652e+09
Max:      16113045794
StdDev:  ±8.05652e+09
