main-for.body12
Count:    1
Min:      16110832951
Median:   8003586
Mean:     8.05542e+09
Max:      16110832951
StdDev:  ±8.05542e+09
