main-for.body12
Count:    1
Min:      16110160507
Median:   8003586
Mean:     8.05508e+09
Max:      16110160507
StdDev:  ±8.05508e+09
