s331-for.body3
Count:    1
Min:      11213335729
Median:   8003586
Mean:     5.60667e+09
Max:      11213335729
StdDev:  ±5.60667e+09
