s331-for.body3
Count:    1
Min:      11218153556
Median:   8003586
Mean:     5.60908e+09
Max:      11218153556
StdDev:  ±5.60908e+09
