s331-for.body3
Count:    1
Min:      11210747070
Median:   8003586
Mean:     5.60537e+09
Max:      11210747070
StdDev:  ±5.60537e+09
