s331-for.body3
Count:    1
Min:      11213743798
Median:   8003586
Mean:     5.60687e+09
Max:      11213743798
StdDev:  ±5.60687e+09
