s331-for.body3
Count:    1
Min:      11215343652
Median:   8003586
Mean:     5.60767e+09
Max:      11215343652
StdDev:  ±5.60767e+09
