s331-for.body3
Count:    1
Min:      11234015873
Median:   8003586
Mean:     5.61701e+09
Max:      11234015873
StdDev:  ±5.61701e+09
