s331-for.body3
Count:    1
Min:      11222347432
Median:   8003586
Mean:     5.61117e+09
Max:      11222347432
StdDev:  ±5.61117e+09
