s331-for.body3
Count:    1
Min:      11212661510
Median:   8003586
Mean:     5.60633e+09
Max:      11212661510
StdDev:  ±5.60633e+09
