s276-for.body3
Count:    1
Min:      6372184155
Median:   8003586
Mean:     3.18609e+09
Max:      6372184155
StdDev:  ±3.18609e+09
