s276-for.body3
Count:    1
Min:      6329634162
Median:   8003586
Mean:     3.16482e+09
Max:      6329634162
StdDev:  ±3.16482e+09
