s276-for.body3
Count:    1
Min:      6171301192
Median:   8003586
Mean:     3.08565e+09
Max:      6171301192
StdDev:  ±3.08565e+09
