s276-for.body3
Count:    1
Min:      6168911989
Median:   8003586
Mean:     3.08446e+09
Max:      6168911989
StdDev:  ±3.08446e+09
