s276-for.body3
Count:    1
Min:      6194932120
Median:   8003586
Mean:     3.09747e+09
Max:      6194932120
StdDev:  ±3.09747e+09
