s276-for.body3
Count:    1
Min:      6306575201
Median:   8003586
Mean:     3.15329e+09
Max:      6306575201
StdDev:  ±3.15329e+09
