s276-for.body3
Count:    1
Min:      6338102945
Median:   8003586
Mean:     3.16905e+09
Max:      6338102945
StdDev:  ±3.16905e+09
