s276-for.body3
Count:    1
Min:      6338054062
Median:   8003586
Mean:     3.16903e+09
Max:      6338054062
StdDev:  ±3.16903e+09
