s276-for.body3
Count:    1
Min:      6421287920
Median:   8003586
Mean:     3.21064e+09
Max:      6421287920
StdDev:  ±3.21064e+09
