s276-for.body3
Count:    1
Min:      5878765074
Median:   8003586
Mean:     2.93938e+09
Max:      5878765074
StdDev:  ±2.93938e+09
