s276-for.body3
Count:    1
Min:      5918330332
Median:   8003586
Mean:     2.95917e+09
Max:      5918330332
StdDev:  ±2.95917e+09
