s276-for.body3
Count:    1
Min:      5817228597
Median:   8003586
Mean:     2.90861e+09
Max:      5817228597
StdDev:  ±2.90861e+09
