s276-for.body3
Count:    1
Min:      6360475193
Median:   8003586
Mean:     3.18024e+09
Max:      6360475193
StdDev:  ±3.18024e+09
