s276-for.body3
Count:    1
Min:      6327565042
Median:   8003586
Mean:     3.16378e+09
Max:      6327565042
StdDev:  ±3.16378e+09
