s276-for.body3
Count:    1
Min:      6387187082
Median:   8003586
Mean:     3.19359e+09
Max:      6387187082
StdDev:  ±3.19359e+09
