s276-for.body3
Count:    1
Min:      6354373830
Median:   8003586
Mean:     3.17719e+09
Max:      6354373830
StdDev:  ±3.17719e+09
