s276-for.body3
Count:    1
Min:      6371500490
Median:   8003586
Mean:     3.18575e+09
Max:      6371500490
StdDev:  ±3.18575e+09
