kernel_trmm_StrictFP-for.body6
Count:    1
Min:      7995310575
Median:   8003586
Mean:     3.99766e+09
Max:      7995310575
StdDev:  ±3.99766e+09
