kernel_trmm_StrictFP-for.body6
Count:    1
Min:      8001740654
Median:   8003586
Mean:     4.00087e+09
Max:      8001740654
StdDev:  ±4.00087e+09
