kernel_trmm_StrictFP-for.body6
Count:    1
Min:      7987137933
Median:   8003586
Mean:     3.99357e+09
Max:      7987137933
StdDev:  ±3.99357e+09
