main-for.body
Count:    1
Min:      266388000
Median:   8000017
Mean:     1.33194e+08
Max:      266388000
StdDev:  ±1.33194e+08
