main-for.body
Count:    1
Min:      266296000
Median:   8000017
Mean:     1.33148e+08
Max:      266296000
StdDev:  ±1.33148e+08
