main-for.body
Count:    1
Min:      265931000
Median:   8000017
Mean:     1.32966e+08
Max:      265931000
StdDev:  ±1.32966e+08
