main-for.body
Count:    1
Min:      266106000
Median:   8000017
Mean:     1.33053e+08
Max:      266106000
StdDev:  ±1.33053e+08
