main-for.body
Count:    1
Min:      266027000
Median:   8000017
Mean:     1.33014e+08
Max:      266027000
StdDev:  ±1.33014e+08
