main-for.body
Count:    1
Min:      266087000
Median:   8000017
Mean:     1.33044e+08
Max:      266087000
StdDev:  ±1.33044e+08
