main-for.body
Count:    1
Min:      266256000
Median:   8000017
Mean:     1.33128e+08
Max:      266256000
StdDev:  ±1.33128e+08
