main-for.body
Count:    1
Min:      266408000
Median:   8000017
Mean:     1.33204e+08
Max:      266408000
StdDev:  ±1.33204e+08
