main-for.body
Count:    1
Min:      265990000
Median:   8000017
Mean:     1.32995e+08
Max:      265990000
StdDev:  ±1.32995e+08
