main-for.body
Count:    1
Min:      266186000
Median:   8000017
Mean:     1.33093e+08
Max:      266186000
StdDev:  ±1.33093e+08
