main-for.body
Count:    1
Min:      266053000
Median:   8000017
Mean:     1.33026e+08
Max:      266053000
StdDev:  ±1.33026e+08
