main-for.body
Count:    1
Min:      266162000
Median:   8000017
Mean:     1.33081e+08
Max:      266162000
StdDev:  ±1.33081e+08
