main-for.body
Count:    1
Min:      266066000
Median:   8000017
Mean:     1.33033e+08
Max:      266066000
StdDev:  ±1.33033e+08
