main-for.body
Count:    1
Min:      266125000
Median:   8000017
Mean:     1.33062e+08
Max:      266125000
StdDev:  ±1.33062e+08
