main-for.body
Count:    1
Min:      266225000
Median:   8000017
Mean:     1.33112e+08
Max:      266225000
StdDev:  ±1.33112e+08
