main-for.body
Count:    1
Min:      265978000
Median:   8000017
Mean:     1.32989e+08
Max:      265978000
StdDev:  ±1.32989e+08
