main-for.body
Count:    1
Min:      266194000
Median:   8000017
Mean:     1.33097e+08
Max:      266194000
StdDev:  ±1.33097e+08
