main-for.body
Count:    1
Min:      266115000
Median:   8000017
Mean:     1.33058e+08
Max:      266115000
StdDev:  ±1.33058e+08
