main-for.body
Count:    1
Min:      266182000
Median:   8000017
Mean:     1.33091e+08
Max:      266182000
StdDev:  ±1.33091e+08
