TreeAlloc-if.else
Count:    1
Min:      2912631000
Median:   8000017
Mean:     1.45632e+09
Max:      2912631000
StdDev:  ±1.45632e+09
