TreeAlloc-if.else
Count:    1
Min:      2910435000
Median:   8000017
Mean:     1.45522e+09
Max:      2910435000
StdDev:  ±1.45522e+09
