TreeAlloc-if.else
Count:    1
Min:      2914117000
Median:   8000017
Mean:     1.45706e+09
Max:      2914117000
StdDev:  ±1.45706e+09
