TreeAlloc-if.else
Count:    1
Min:      2913056000
Median:   8000017
Mean:     1.45653e+09
Max:      2913056000
StdDev:  ±1.45653e+09
