TreeAlloc-if.else
Count:    1
Min:      2912975000
Median:   8000017
Mean:     1.45649e+09
Max:      2912975000
StdDev:  ±1.45649e+09
