TreeAlloc-if.else
Count:    1
Min:      2910910000
Median:   8000017
Mean:     1.45546e+09
Max:      2910910000
StdDev:  ±1.45546e+09
