TreeAlloc-if.else
Count:    1
Min:      2911879000
Median:   8000017
Mean:     1.45594e+09
Max:      2911879000
StdDev:  ±1.45594e+09
