TreeAlloc-if.else
Count:    1
Min:      2910886000
Median:   8000017
Mean:     1.45544e+09
Max:      2910886000
StdDev:  ±1.45544e+09
