TreeAlloc-if.else
Count:    1
Min:      2914881000
Median:   8000017
Mean:     1.45744e+09
Max:      2914881000
StdDev:  ±1.45744e+09
