TreeAlloc-if.else
Count:    1
Min:      2916875000
Median:   8000017
Mean:     1.45844e+09
Max:      2916875000
StdDev:  ±1.45844e+09
