TreeAlloc-if.else
Count:    1
Min:      2916447000
Median:   8000017
Mean:     1.45822e+09
Max:      2916447000
StdDev:  ±1.45822e+09
