TreeAlloc-if.else
Count:    1
Min:      2914174000
Median:   8000017
Mean:     1.45709e+09
Max:      2914174000
StdDev:  ±1.45709e+09
