TreeAlloc-if.else
Count:    1
Min:      2912232000
Median:   8000017
Mean:     1.45612e+09
Max:      2912232000
StdDev:  ±1.45612e+09
