TreeAlloc-if.else
Count:    1
Min:      2913976000
Median:   8000017
Mean:     1.45699e+09
Max:      2913976000
StdDev:  ±1.45699e+09
