TreeAlloc-if.else
Count:    1
Min:      2911521000
Median:   8000017
Mean:     1.45576e+09
Max:      2911521000
StdDev:  ±1.45576e+09
