TreeAlloc-if.else
Count:    1
Min:      2912491000
Median:   8000017
Mean:     1.45625e+09
Max:      2912491000
StdDev:  ±1.45625e+09
