TreeAlloc-if.else
Count:    1
Min:      2936746000
Median:   8000017
Mean:     1.46837e+09
Max:      2936746000
StdDev:  ±1.46837e+09
