kernel_seidel_2d-for.body8
Count:    2
Min:      936419104
Median:   936419104
Mean:     9.37515e+08
Max:      938611590
StdDev:  ±1.09624e+06
