kernel_seidel_2d-for.body8
Count:    2
Min:      935356150
Median:   935356150
Mean:     9.36578e+08
Max:      937800821
StdDev:  ±1.22234e+06
