kernel_seidel_2d-for.body8
Count:    2
Min:      965078541
Median:   965078541
Mean:     9.66342e+08
Max:      967604773
StdDev:  ±1.26312e+06
