kernel_seidel_2d-for.body8
Count:    2
Min:      950282610
Median:   950282610
Mean:     9.51767e+08
Max:      953251444
StdDev:  ±1.48442e+06
