main-for.body
Count:    1
Min:      23824141521
Median:   8003586
Mean:     1.19121e+10
Max:      23824141521
StdDev:  ±1.19121e+10
