main-for.body
Count:    1
Min:      23822950923
Median:   8003586
Mean:     1.19115e+10
Max:      23822950923
StdDev:  ±1.19115e+10
