main-for.body
Count:    1
Min:      23823256960
Median:   8003586
Mean:     1.19116e+10
Max:      23823256960
StdDev:  ±1.19116e+10
