main-for.body
Count:    1
Min:      23824873445
Median:   8003586
Mean:     1.19124e+10
Max:      23824873445
StdDev:  ±1.19124e+10
