main-for.body
Count:    1
Min:      23824339359
Median:   8003586
Mean:     1.19122e+10
Max:      23824339359
StdDev:  ±1.19122e+10
