main-for.body
Count:    1
Min:      23823339812
Median:   8003586
Mean:     1.19117e+10
Max:      23823339812
StdDev:  ±1.19117e+10
