main-for.body
Count:    1
Min:      23821827486
Median:   8003586
Mean:     1.19109e+10
Max:      23821827486
StdDev:  ±1.19109e+10
