main-for.body
Count:    1
Min:      23825788692
Median:   8003586
Mean:     1.19129e+10
Max:      23825788692
StdDev:  ±1.19129e+10
