s244-for.body3
Count:    1
Min:      11345535056
Median:   8003586
Mean:     5.67277e+09
Max:      11345535056
StdDev:  ±5.67277e+09
