s244-for.body3
Count:    1
Min:      11396423883
Median:   8003586
Mean:     5.69821e+09
Max:      11396423883
StdDev:  ±5.69821e+09
