s331-for.body3
Count:    1
Min:      11163827151
Median:   8003586
Mean:     5.58191e+09
Max:      11163827151
StdDev:  ±5.58191e+09
