s331-for.body3
Count:    1
Min:      11159708041
Median:   8003586
Mean:     5.57985e+09
Max:      11159708041
StdDev:  ±5.57985e+09
