s331-for.body3
Count:    1
Min:      11158354748
Median:   8003586
Mean:     5.57918e+09
Max:      11158354748
StdDev:  ±5.57918e+09
