s331-for.body3
Count:    1
Min:      11162062695
Median:   8003586
Mean:     5.58103e+09
Max:      11162062695
StdDev:  ±5.58103e+09
