s331-for.body3
Count:    1
Min:      11161665740
Median:   8003586
Mean:     5.58083e+09
Max:      11161665740
StdDev:  ±5.58083e+09
