s331-for.body3
Count:    1
Min:      11157750859
Median:   8003586
Mean:     5.57888e+09
Max:      11157750859
StdDev:  ±5.57888e+09
