s331-for.body3
Count:    1
Min:      11162876131
Median:   8003586
Mean:     5.58144e+09
Max:      11162876131
StdDev:  ±5.58144e+09
