kernel_adi-for.body6
Count:    2
Min:      9230347744
Median:   9230347744
Mean:     9.25552e+09
Max:      9280694079
StdDev:  ±2.51732e+07
