kernel_adi-for.body6
Count:    2
Min:      9168674411
Median:   9168674411
Mean:     9.18804e+09
Max:      9207408924
StdDev:  ±1.93673e+07
