s343-if.then.1
Count:    1
Min:      15154773017
Median:   8003586
Mean:     7.57739e+09
Max:      15154773017
StdDev:  ±7.57739e+09
