s343-if.then.1
Count:    1
Min:      14510157958
Median:   8003586
Mean:     7.25508e+09
Max:      14510157958
StdDev:  ±7.25508e+09
