s343-if.then.1
Count:    1
Min:      14074929490
Median:   8003586
Mean:     7.03746e+09
Max:      14074929490
StdDev:  ±7.03746e+09
