s343-if.then.1
Count:    1
Min:      15273455321
Median:   8003586
Mean:     7.63673e+09
Max:      15273455321
StdDev:  ±7.63673e+09
