s343-if.then.1
Count:    1
Min:      16043504547
Median:   8003586
Mean:     8.02175e+09
Max:      16043504547
StdDev:  ±8.02175e+09
