s343-if.then.1
Count:    1
Min:      15705697867
Median:   8003586
Mean:     7.85285e+09
Max:      15705697867
StdDev:  ±7.85285e+09
