s343-if.then.1
Count:    1
Min:      14687835264
Median:   8003586
Mean:     7.34392e+09
Max:      14687835264
StdDev:  ±7.34392e+09
