s343-if.then.1
Count:    1
Min:      14794680127
Median:   8003586
Mean:     7.39734e+09
Max:      14794680127
StdDev:  ±7.39734e+09
