s343-if.then.1
Count:    1
Min:      14760582844
Median:   8003586
Mean:     7.38029e+09
Max:      14760582844
StdDev:  ±7.38029e+09
