s343-if.then.1
Count:    1
Min:      15240467493
Median:   8003586
Mean:     7.62023e+09
Max:      15240467493
StdDev:  ±7.62023e+09
