s343-if.then.1
Count:    1
Min:      14456235380
Median:   8003586
Mean:     7.22812e+09
Max:      14456235380
StdDev:  ±7.22812e+09
