s1251-vector.body
Count:    1
Min:      6306631905
Median:   8003586
Mean:     3.15332e+09
Max:      6306631905
StdDev:  ±3.15332e+09
