s1251-vector.body
Count:    1
Min:      5553033367
Median:   8003586
Mean:     2.77652e+09
Max:      5553033367
StdDev:  ±2.77652e+09
