s1251-vector.body
Count:    1
Min:      5785058599
Median:   8003586
Mean:     2.89253e+09
Max:      5785058599
StdDev:  ±2.89253e+09
