s1251-vector.body
Count:    1
Min:      5743659247
Median:   8003586
Mean:     2.87183e+09
Max:      5743659247
StdDev:  ±2.87183e+09
