s1251-vector.body
Count:    1
Min:      5702784864
Median:   8003586
Mean:     2.85139e+09
Max:      5702784864
StdDev:  ±2.85139e+09
