s1251-vector.body
Count:    1
Min:      5598732773
Median:   8003586
Mean:     2.79937e+09
Max:      5598732773
StdDev:  ±2.79937e+09
