main-while.body243
Count:    1
Min:      229655565
Median:   8003586
Mean:     1.14828e+08
Max:      229655565
StdDev:  ±1.14828e+08
