main-while.body243
Count:    1
Min:      229822753
Median:   8003586
Mean:     1.14911e+08
Max:      229822753
StdDev:  ±1.14911e+08
