main-while.body243
Count:    1
Min:      228041980
Median:   8003586
Mean:     1.14021e+08
Max:      228041980
StdDev:  ±1.14021e+08
