main-while.body243
Count:    1
Min:      228827105
Median:   8003586
Mean:     1.14414e+08
Max:      228827105
StdDev:  ±1.14414e+08
