main-while.body243
Count:    1
Min:      233469217
Median:   8003586
Mean:     1.16735e+08
Max:      233469217
StdDev:  ±1.16735e+08
