main-while.body243
Count:    1
Min:      234277210
Median:   8003586
Mean:     1.17139e+08
Max:      234277210
StdDev:  ±1.17139e+08
