main-while.body243
Count:    1
Min:      237546072
Median:   8003586
Mean:     1.18773e+08
Max:      237546072
StdDev:  ±1.18773e+08
