s1281-vector.body
Count:    1
Min:      4669484000
Median:   8000017
Mean:     2.33474e+09
Max:      4669484000
StdDev:  ±2.33474e+09
