s1281-vector.body
Count:    1
Min:      4670506000
Median:   8000017
Mean:     2.33525e+09
Max:      4670506000
StdDev:  ±2.33525e+09
