s1281-vector.body
Count:    1
Min:      4652446000
Median:   8000017
Mean:     2.32622e+09
Max:      4652446000
StdDev:  ±2.32622e+09
