s1281-vector.body
Count:    1
Min:      4651034000
Median:   8000017
Mean:     2.32552e+09
Max:      4651034000
StdDev:  ±2.32552e+09
