s1281-vector.body
Count:    1
Min:      4791574000
Median:   8000017
Mean:     2.39579e+09
Max:      4791574000
StdDev:  ±2.39579e+09
