s1281-vector.body
Count:    1
Min:      4741953000
Median:   8000017
Mean:     2.37098e+09
Max:      4741953000
StdDev:  ±2.37098e+09
