s1281-vector.body
Count:    1
Min:      4741386000
Median:   8000017
Mean:     2.37069e+09
Max:      4741386000
StdDev:  ±2.37069e+09
