s1281-vector.body
Count:    1
Min:      4683261000
Median:   8000017
Mean:     2.34163e+09
Max:      4683261000
StdDev:  ±2.34163e+09
