s1281-vector.body
Count:    1
Min:      4536771000
Median:   8000017
Mean:     2.26839e+09
Max:      4536771000
StdDev:  ±2.26839e+09
