s1281-vector.body
Count:    1
Min:      4565386000
Median:   8000017
Mean:     2.28269e+09
Max:      4565386000
StdDev:  ±2.28269e+09
