s1281-vector.body
Count:    1
Min:      4567147000
Median:   8000017
Mean:     2.28357e+09
Max:      4567147000
StdDev:  ±2.28357e+09
