s1281-vector.body
Count:    1
Min:      4597340000
Median:   8000017
Mean:     2.29867e+09
Max:      4597340000
StdDev:  ±2.29867e+09
