bpnn_train_kernel-for.body138
Count:    1
Min:      14693296801
Median:   8003586
Mean:     7.34665e+09
Max:      14693296801
StdDev:  ±7.34665e+09
