bpnn_train_kernel-for.body138
Count:    1
Min:      14727113235
Median:   8003586
Mean:     7.36356e+09
Max:      14727113235
StdDev:  ±7.36356e+09
