bpnn_train_kernel-for.body138
Count:    1
Min:      14423453751
Median:   8003586
Mean:     7.21173e+09
Max:      14423453751
StdDev:  ±7.21173e+09
