bpnn_train_kernel-for.body138
Count:    1
Min:      14457563359
Median:   8003586
Mean:     7.22878e+09
Max:      14457563359
StdDev:  ±7.22878e+09
