bpnn_train_kernel-for.body138
Count:    1
Min:      14615888340
Median:   8003586
Mean:     7.30794e+09
Max:      14615888340
StdDev:  ±7.30794e+09
