bpnn_train_kernel-for.body138
Count:    1
Min:      14423266601
Median:   8003586
Mean:     7.21163e+09
Max:      14423266601
StdDev:  ±7.21163e+09
