bpnn_train_kernel-for.body138
Count:    1
Min:      14418424797
Median:   8003586
Mean:     7.20921e+09
Max:      14418424797
StdDev:  ±7.20921e+09
