bpnn_train_kernel-for.body138
Count:    1
Min:      14640013849
Median:   8003586
Mean:     7.32001e+09
Max:      14640013849
StdDev:  ±7.32001e+09
