bpnn_train_kernel-for.body138
Count:    1
Min:      14394046835
Median:   8003586
Mean:     7.19702e+09
Max:      14394046835
StdDev:  ±7.19702e+09
