bpnn_train_kernel-for.body138
Count:    1
Min:      14517624554
Median:   8003586
Mean:     7.25881e+09
Max:      14517624554
StdDev:  ±7.25881e+09
