bpnn_train_kernel-for.body138
Count:    1
Min:      14514745523
Median:   8003586
Mean:     7.25737e+09
Max:      14514745523
StdDev:  ±7.25737e+09
