bpnn_train_kernel-for.body138
Count:    1
Min:      14475585365
Median:   8003586
Mean:     7.23779e+09
Max:      14475585365
StdDev:  ±7.23779e+09
