benchmark_heapsort-land.lhs.true
Count:    1
Min:      13472440483
Median:   8003586
Mean:     6.73622e+09
Max:      13472440483
StdDev:  ±6.73622e+09
