benchmark_heapsort-land.lhs.true
Count:    1
Min:      13592849710
Median:   8003586
Mean:     6.79642e+09
Max:      13592849710
StdDev:  ±6.79642e+09
