benchmark_heapsort-land.lhs.true
Count:    1
Min:      13482381828
Median:   8003586
Mean:     6.74119e+09
Max:      13482381828
StdDev:  ±6.74119e+09
