s422-for.body4
Count:    1
Min:      3436144000
Median:   8000017
Mean:     1.71807e+09
Max:      3436144000
StdDev:  ±1.71807e+09
