s422-for.body4
Count:    1
Min:      2887320000
Median:   8000017
Mean:     1.44366e+09
Max:      2887320000
StdDev:  ±1.44366e+09
