s422-for.body4
Count:    1
Min:      2888495000
Median:   8000017
Mean:     1.44425e+09
Max:      2888495000
StdDev:  ±1.44425e+09
