s422-for.body4
Count:    1
Min:      2937665000
Median:   8000017
Mean:     1.46883e+09
Max:      2937665000
StdDev:  ±1.46883e+09
