s422-for.body4
Count:    1
Min:      2937649000
Median:   8000017
Mean:     1.46882e+09
Max:      2937649000
StdDev:  ±1.46882e+09
