s422-for.body4
Count:    1
Min:      2574623000
Median:   8000017
Mean:     1.28731e+09
Max:      2574623000
StdDev:  ±1.28731e+09
