s422-for.body4
Count:    1
Min:      4013496000
Median:   8000017
Mean:     2.00675e+09
Max:      4013496000
StdDev:  ±2.00675e+09
