s422-for.body4
Count:    1
Min:      2877738000
Median:   8000017
Mean:     1.43887e+09
Max:      2877738000
StdDev:  ±1.43887e+09
