s422-for.body4
Count:    1
Min:      2876727000
Median:   8000017
Mean:     1.43836e+09
Max:      2876727000
StdDev:  ±1.43836e+09
