s422-for.body4
Count:    1
Min:      2630731000
Median:   8000017
Mean:     1.31537e+09
Max:      2630731000
StdDev:  ±1.31537e+09
