s422-for.body4
Count:    1
Min:      2636044000
Median:   8000017
Mean:     1.31802e+09
Max:      2636044000
StdDev:  ±1.31802e+09
