s422-for.body4
Count:    1
Min:      2610052000
Median:   8000017
Mean:     1.30503e+09
Max:      2610052000
StdDev:  ±1.30503e+09
