s422-for.body4
Count:    1
Min:      2608060000
Median:   8000017
Mean:     1.30403e+09
Max:      2608060000
StdDev:  ±1.30403e+09
