s422-for.body4
Count:    1
Min:      3436873000
Median:   8000017
Mean:     1.71844e+09
Max:      3436873000
StdDev:  ±1.71844e+09
