main-for.body
Count:    1
Min:      3683251000
Median:   8000017
Mean:     1.84163e+09
Max:      3683251000
StdDev:  ±1.84163e+09
