main-for.body
Count:    1
Min:      3683293000
Median:   8000017
Mean:     1.84165e+09
Max:      3683293000
StdDev:  ±1.84165e+09
