main-for.body
Count:    1
Min:      3794880000
Median:   8000017
Mean:     1.89744e+09
Max:      3794880000
StdDev:  ±1.89744e+09
