main-for.body
Count:    1
Min:      3794861000
Median:   8000017
Mean:     1.89743e+09
Max:      3794861000
StdDev:  ±1.89743e+09
