main-for.body
Count:    1
Min:      3638622000
Median:   8000017
Mean:     1.81931e+09
Max:      3638622000
StdDev:  ±1.81931e+09
