main-for.body
Count:    1
Min:      4129684000
Median:   8000017
Mean:     2.06484e+09
Max:      4129684000
StdDev:  ±2.06484e+09
