main-for.body
Count:    1
Min:      4073890000
Median:   8000017
Mean:     2.03694e+09
Max:      4073890000
StdDev:  ±2.03694e+09
