main-for.body
Count:    1
Min:      4185497000
Median:   8000017
Mean:     2.09275e+09
Max:      4185497000
StdDev:  ±2.09275e+09
