main-for.body
Count:    1
Min:      4185483000
Median:   8000017
Mean:     2.09274e+09
Max:      4185483000
StdDev:  ±2.09274e+09
