main-for.body
Count:    1
Min:      3962287000
Median:   8000017
Mean:     1.98114e+09
Max:      3962287000
StdDev:  ±1.98114e+09
