main-for.body
Count:    1
Min:      3962267000
Median:   8000017
Mean:     1.98113e+09
Max:      3962267000
StdDev:  ±1.98113e+09
