hotspotKernel-vector.body290
Count:    1
Min:      2794159000
Median:   8000017
Mean:     1.39708e+09
Max:      2794159000
StdDev:  ±1.39708e+09
