hotspotKernel-vector.body290
Count:    1
Min:      2794331000
Median:   8000017
Mean:     1.39717e+09
Max:      2794331000
StdDev:  ±1.39717e+09
