hotspotKernel-vector.body290
Count:    1
Min:      2794302000
Median:   8000017
Mean:     1.39715e+09
Max:      2794302000
StdDev:  ±1.39715e+09
