hotspotKernel-vector.body290
Count:    1
Min:      2794871000
Median:   8000017
Mean:     1.39744e+09
Max:      2794871000
StdDev:  ±1.39744e+09
