hotspotKernel-vector.body290
Count:    1
Min:      2794289000
Median:   8000017
Mean:     1.39714e+09
Max:      2794289000
StdDev:  ±1.39714e+09
