hotspotKernel-vector.body290
Count:    1
Min:      2794234000
Median:   8000017
Mean:     1.39712e+09
Max:      2794234000
StdDev:  ±1.39712e+09
