hotspotKernel-vector.body290
Count:    1
Min:      2794897000
Median:   8000017
Mean:     1.39745e+09
Max:      2794897000
StdDev:  ±1.39745e+09
