hotspotKernel-vector.body290
Count:    1
Min:      2794912000
Median:   8000017
Mean:     1.39746e+09
Max:      2794912000
StdDev:  ±1.39746e+09
