hotspotKernel-vector.body290
Count:    1
Min:      2793972000
Median:   8000017
Mean:     1.39699e+09
Max:      2793972000
StdDev:  ±1.39699e+09
