hotspotKernel-vector.body290
Count:    1
Min:      2793951000
Median:   8000017
Mean:     1.39698e+09
Max:      2793951000
StdDev:  ±1.39698e+09
