hotspotKernel-vector.body290
Count:    1
Min:      2793932000
Median:   8000017
Mean:     1.39697e+09
Max:      2793932000
StdDev:  ±1.39697e+09
