hotspotKernel-vector.body290
Count:    1
Min:      2794463000
Median:   8000017
Mean:     1.39723e+09
Max:      2794463000
StdDev:  ±1.39723e+09
