s352-for.body3
Count:    1
Min:      7979687643
Median:   8003586
Mean:     3.98984e+09
Max:      7979687643
StdDev:  ±3.98984e+09
