s352-for.body3
Count:    1
Min:      8166706705
Median:   8003586
Mean:     4.08335e+09
Max:      8166706705
StdDev:  ±4.08335e+09
