s352-for.body3
Count:    1
Min:      8656119705
Median:   8003586
Mean:     4.32806e+09
Max:      8656119705
StdDev:  ±4.32806e+09
