s352-for.body3
Count:    1
Min:      7594456410
Median:   8003586
Mean:     3.79723e+09
Max:      7594456410
StdDev:  ±3.79723e+09
