s352-for.body3
Count:    1
Min:      7579162087
Median:   8003586
Mean:     3.78958e+09
Max:      7579162087
StdDev:  ±3.78958e+09
