s352-for.body3
Count:    1
Min:      9290628127
Median:   8003586
Mean:     4.64531e+09
Max:      9290628127
StdDev:  ±4.64531e+09
