s352-for.body3
Count:    1
Min:      7877148079
Median:   8003586
Mean:     3.93857e+09
Max:      7877148079
StdDev:  ±3.93857e+09
