s352-for.body3
Count:    1
Min:      8317257715
Median:   8003586
Mean:     4.15863e+09
Max:      8317257715
StdDev:  ±4.15863e+09
