s352-for.body3
Count:    1
Min:      9389738466
Median:   8003586
Mean:     4.69487e+09
Max:      9389738466
StdDev:  ±4.69487e+09
