s211-for.body3
Count:    1
Min:      24797017431
Median:   8003586
Mean:     1.23985e+10
Max:      24797017431
StdDev:  ±1.23985e+10
