s211-for.body3
Count:    1
Min:      24732295058
Median:   8003586
Mean:     1.23661e+10
Max:      24732295058
StdDev:  ±1.23661e+10
