s211-for.body3
Count:    1
Min:      24863066401
Median:   8003586
Mean:     1.24315e+10
Max:      24863066401
StdDev:  ±1.24315e+10
