s211-for.body3
Count:    1
Min:      24436358715
Median:   8003586
Mean:     1.22182e+10
Max:      24436358715
StdDev:  ±1.22182e+10
