s211-for.body3
Count:    1
Min:      24230981627
Median:   8003586
Mean:     1.21155e+10
Max:      24230981627
StdDev:  ±1.21155e+10
