s211-for.body3
Count:    1
Min:      24608933404
Median:   8003586
Mean:     1.23045e+10
Max:      24608933404
StdDev:  ±1.23045e+10
