s211-for.body3
Count:    1
Min:      24723168363
Median:   8003586
Mean:     1.23616e+10
Max:      24723168363
StdDev:  ±1.23616e+10
