s211-for.body3
Count:    1
Min:      24350371604
Median:   8003586
Mean:     1.21752e+10
Max:      24350371604
StdDev:  ±1.21752e+10
