s211-for.body3
Count:    1
Min:      24348685654
Median:   8003586
Mean:     1.21743e+10
Max:      24348685654
StdDev:  ±1.21743e+10
