s211-for.body3
Count:    1
Min:      23913004149
Median:   8003586
Mean:     1.19565e+10
Max:      23913004149
StdDev:  ±1.19565e+10
