s211-for.body3
Count:    1
Min:      24102496885
Median:   8003586
Mean:     1.20512e+10
Max:      24102496885
StdDev:  ±1.20512e+10
