s211-for.body3
Count:    1
Min:      24641725377
Median:   8003586
Mean:     1.23209e+10
Max:      24641725377
StdDev:  ±1.23209e+10
