s211-for.body3
Count:    1
Min:      24467861300
Median:   8003586
Mean:     1.22339e+10
Max:      24467861300
StdDev:  ±1.22339e+10
