s211-for.body3
Count:    1
Min:      24216570595
Median:   8003586
Mean:     1.21083e+10
Max:      24216570595
StdDev:  ±1.21083e+10
