s211-for.body3
Count:    1
Min:      24651356195
Median:   8003586
Mean:     1.23257e+10
Max:      24651356195
StdDev:  ±1.23257e+10
