s211-for.body3
Count:    1
Min:      24614542945
Median:   8003586
Mean:     1.23073e+10
Max:      24614542945
StdDev:  ±1.23073e+10
