main-for.body18
Count:    1
Min:      2106118000
Median:   8000017
Mean:     1.05306e+09
Max:      2106118000
StdDev:  ±1.05306e+09
