main-for.body18
Count:    1
Min:      2115688000
Median:   8000017
Mean:     1.05784e+09
Max:      2115688000
StdDev:  ±1.05784e+09
