main-for.body18
Count:    1
Min:      2115571000
Median:   8000017
Mean:     1.05779e+09
Max:      2115571000
StdDev:  ±1.05779e+09
