main-for.body18
Count:    1
Min:      2105898000
Median:   8000017
Mean:     1.05295e+09
Max:      2105898000
StdDev:  ±1.05295e+09
