main-for.body18
Count:    1
Min:      2105984000
Median:   8000017
Mean:     1.05299e+09
Max:      2105984000
StdDev:  ±1.05299e+09
