main-for.body18
Count:    1
Min:      2105637000
Median:   8000017
Mean:     1.05282e+09
Max:      2105637000
StdDev:  ±1.05282e+09
