main-for.body18
Count:    1
Min:      2105531000
Median:   8000017
Mean:     1.05277e+09
Max:      2105531000
StdDev:  ±1.05277e+09
