main-for.body18
Count:    1
Min:      2115739000
Median:   8000017
Mean:     1.05787e+09
Max:      2115739000
StdDev:  ±1.05787e+09
