main-for.body18
Count:    1
Min:      2119100000
Median:   8000017
Mean:     1.05955e+09
Max:      2119100000
StdDev:  ±1.05955e+09
