main-for.body18
Count:    1
Min:      2119049000
Median:   8000017
Mean:     1.05952e+09
Max:      2119049000
StdDev:  ±1.05952e+09
