main-for.body18
Count:    1
Min:      2118961000
Median:   8000017
Mean:     1.05948e+09
Max:      2118961000
StdDev:  ±1.05948e+09
