main-for.body18
Count:    1
Min:      2132737000
Median:   8000017
Mean:     1.06637e+09
Max:      2132737000
StdDev:  ±1.06637e+09
