main-for.body18
Count:    1
Min:      2111909000
Median:   8000017
Mean:     1.05595e+09
Max:      2111909000
StdDev:  ±1.05595e+09
