main-for.body18
Count:    1
Min:      2111836000
Median:   8000017
Mean:     1.05592e+09
Max:      2111836000
StdDev:  ±1.05592e+09
