main-for.body18
Count:    1
Min:      2132626000
Median:   8000017
Mean:     1.06631e+09
Max:      2132626000
StdDev:  ±1.06631e+09
