main-for.body18
Count:    1
Min:      2115668000
Median:   8000017
Mean:     1.05783e+09
Max:      2115668000
StdDev:  ±1.05783e+09
