main-for.body18
Count:    1
Min:      2115611000
Median:   8000017
Mean:     1.05781e+09
Max:      2115611000
StdDev:  ±1.05781e+09
