main-for.body12
Count:    1
Min:      16111825572
Median:   8003586
Mean:     8.05591e+09
Max:      16111825572
StdDev:  ±8.05591e+09
