main-for.body12
Count:    1
Min:      16114107686
Median:   8003586
Mean:     8.05705e+09
Max:      16114107686
StdDev:  ±8.05705e+09
