main-for.body12
Count:    1
Min:      15752933489
Median:   8003586
Mean:     7.87647e+09
Max:      15752933489
StdDev:  ±7.87647e+09
