main-for.body12
Count:    1
Min:      15753382657
Median:   8003586
Mean:     7.87669e+09
Max:      15753382657
StdDev:  ±7.87669e+09
