main-for.body12
Count:    1
Min:      16113678911
Median:   8003586
Mean:     8.05684e+09
Max:      16113678911
StdDev:  ±8.05684e+09
