main-for.body12
Count:    1
Min:      16112674474
Median:   8003586
Mean:     8.05634e+09
Max:      16112674474
StdDev:  ±8.05634e+09
