main-for.body12
Count:    1
Min:      16115929485
Median:   8003586
Mean:     8.05796e+09
Max:      16115929485
StdDev:  ±8.05796e+09
