main-for.body12
Count:    1
Min:      16112097267
Median:   8003586
Mean:     8.05605e+09
Max:      16112097267
StdDev:  ±8.05605e+09
