main-for.body12
Count:    1
Min:      16116347710
Median:   8003586
Mean:     8.05817e+09
Max:      16116347710
StdDev:  ±8.05817e+09
