main-for.body12
Count:    1
Min:      16111932620
Median:   8003586
Mean:     8.05597e+09
Max:      16111932620
StdDev:  ±8.05597e+09
