s244-for.body3
Count:    1
Min:      1970923000
Median:   8000017
Mean:     9.85462e+08
Max:      1970923000
StdDev:  ±9.85462e+08
