s244-for.body3
Count:    1
Min:      1970912000
Median:   8000017
Mean:     9.85456e+08
Max:      1970912000
StdDev:  ±9.85456e+08
