s244-for.body3
Count:    1
Min:      1971710000
Median:   8000017
Mean:     9.85855e+08
Max:      1971710000
StdDev:  ±9.85855e+08
