s244-for.body3
Count:    1
Min:      1967329000
Median:   8000017
Mean:     9.83664e+08
Max:      1967329000
StdDev:  ±9.83664e+08
