s244-for.body3
Count:    1
Min:      1967152000
Median:   8000017
Mean:     9.83576e+08
Max:      1967152000
StdDev:  ±9.83576e+08
