s244-for.body3
Count:    1
Min:      2055075000
Median:   8000017
Mean:     1.02754e+09
Max:      2055075000
StdDev:  ±1.02754e+09
