s244-for.body3
Count:    1
Min:      1958083000
Median:   8000017
Mean:     9.79042e+08
Max:      1958083000
StdDev:  ±9.79042e+08
