s244-for.body3
Count:    1
Min:      1983225000
Median:   8000017
Mean:     9.91612e+08
Max:      1983225000
StdDev:  ±9.91612e+08
