s244-for.body3
Count:    1
Min:      1989567000
Median:   8000017
Mean:     9.94784e+08
Max:      1989567000
StdDev:  ±9.94784e+08
