s244-for.body3
Count:    1
Min:      1989714000
Median:   8000017
Mean:     9.94857e+08
Max:      1989714000
StdDev:  ±9.94857e+08
