s244-for.body3
Count:    1
Min:      1987608000
Median:   8000017
Mean:     9.93804e+08
Max:      1987608000
StdDev:  ±9.93804e+08
