vdotr-for.body3
Count:    1
Min:      1130449000
Median:   8000017
Mean:     5.65224e+08
Max:      1130449000
StdDev:  ±5.65224e+08
