vdotr-for.body3
Count:    1
Min:      1130467000
Median:   8000017
Mean:     5.65234e+08
Max:      1130467000
StdDev:  ±5.65234e+08
