vdotr-for.body3
Count:    1
Min:      1130542000
Median:   8000017
Mean:     5.65271e+08
Max:      1130542000
StdDev:  ±5.65271e+08
