vdotr-for.body3
Count:    1
Min:      1130535000
Median:   8000017
Mean:     5.65268e+08
Max:      1130535000
StdDev:  ±5.65268e+08
