vdotr-for.body3
Count:    1
Min:      1130253000
Median:   8000017
Mean:     5.65126e+08
Max:      1130253000
StdDev:  ±5.65126e+08
