vdotr-for.body3
Count:    1
Min:      1130618000
Median:   8000017
Mean:     5.65309e+08
Max:      1130618000
StdDev:  ±5.65309e+08
