vdotr-for.body3
Count:    1
Min:      1130376000
Median:   8000017
Mean:     5.65188e+08
Max:      1130376000
StdDev:  ±5.65188e+08
