vdotr-for.body3
Count:    1
Min:      1130373000
Median:   8000017
Mean:     5.65186e+08
Max:      1130373000
StdDev:  ±5.65186e+08
