vdotr-for.body3
Count:    1
Min:      1131818000
Median:   8000017
Mean:     5.65909e+08
Max:      1131818000
StdDev:  ±5.65909e+08
