vdotr-for.body3
Count:    1
Min:      1130378000
Median:   8000017
Mean:     5.65189e+08
Max:      1130378000
StdDev:  ±5.65189e+08
