vdotr-for.body3
Count:    1
Min:      1130364000
Median:   8000017
Mean:     5.65182e+08
Max:      1130364000
StdDev:  ±5.65182e+08
