vdotr-for.body3
Count:    1
Min:      1130354000
Median:   8000017
Mean:     5.65177e+08
Max:      1130354000
StdDev:  ±5.65177e+08
