vdotr-for.body3
Count:    1
Min:      1130470000
Median:   8000017
Mean:     5.65235e+08
Max:      1130470000
StdDev:  ±5.65235e+08
