main-for.body
Count:    1
Min:      3850681000
Median:   8000017
Mean:     1.92534e+09
Max:      3850681000
StdDev:  ±1.92534e+09
