main-for.body
Count:    1
Min:      3850651000
Median:   8000017
Mean:     1.92533e+09
Max:      3850651000
StdDev:  ±1.92533e+09
