main-for.body
Count:    1
Min:      3850693000
Median:   8000017
Mean:     1.92535e+09
Max:      3850693000
StdDev:  ±1.92535e+09
