main-vector.body31
Count:    1
Min:      9404079931
Median:   8003586
Mean:     4.70204e+09
Max:      9404079931
StdDev:  ±4.70204e+09
