main-vector.body31
Count:    1
Min:      9427667181
Median:   8003586
Mean:     4.71383e+09
Max:      9427667181
StdDev:  ±4.71383e+09
