main-vector.body31
Count:    1
Min:      9404072558
Median:   8003586
Mean:     4.70204e+09
Max:      9404072558
StdDev:  ±4.70204e+09
