main-vector.body31
Count:    1
Min:      9409582446
Median:   8003586
Mean:     4.70479e+09
Max:      9409582446
StdDev:  ±4.70479e+09
