main-vector.body31
Count:    1
Min:      9528983282
Median:   8003586
Mean:     4.76449e+09
Max:      9528983282
StdDev:  ±4.76449e+09
