main-vector.body31
Count:    1
Min:      9419296113
Median:   8003586
Mean:     4.70965e+09
Max:      9419296113
StdDev:  ±4.70965e+09
