main-vector.body31
Count:    1
Min:      9512846754
Median:   8003586
Mean:     4.75642e+09
Max:      9512846754
StdDev:  ±4.75642e+09
