main-vector.body31
Count:    1
Min:      9401972404
Median:   8003586
Mean:     4.70099e+09
Max:      9401972404
StdDev:  ±4.70099e+09
