main-vector.body31
Count:    1
Min:      9507589858
Median:   8003586
Mean:     4.75379e+09
Max:      9507589858
StdDev:  ±4.75379e+09
