fib-if.else
Count:    1
Min:      28895684854
Median:   8003586
Mean:     1.44478e+10
Max:      28895684854
StdDev:  ±1.44478e+10
