fib-if.else
Count:    1
Min:      28897376516
Median:   8003586
Mean:     1.44487e+10
Max:      28897376516
StdDev:  ±1.44487e+10
