fib-if.else
Count:    1
Min:      28868198619
Median:   8003586
Mean:     1.44341e+10
Max:      28868198619
StdDev:  ±1.44341e+10
