fib-if.else
Count:    1
Min:      28893025208
Median:   8003586
Mean:     1.44465e+10
Max:      28893025208
StdDev:  ±1.44465e+10
