kernel_atax_StrictFP-for.body8
Count:    1
Min:      91039000
Median:   8000017
Mean:     4.55195e+07
Max:      91039000
StdDev:  ±4.55195e+07
