kernel_atax_StrictFP-for.body8
Count:    1
Min:      91395000
Median:   8000017
Mean:     4.56975e+07
Max:      91395000
StdDev:  ±4.56975e+07
