kernel_atax_StrictFP-for.body8
Count:    1
Min:      91379000
Median:   8000017
Mean:     4.56895e+07
Max:      91379000
StdDev:  ±4.56895e+07
