kernel_atax_StrictFP-for.body8
Count:    1
Min:      91031000
Median:   8000017
Mean:     4.55155e+07
Max:      91031000
StdDev:  ±4.55155e+07
