kernel_atax_StrictFP-for.body8
Count:    1
Min:      91003000
Median:   8000017
Mean:     4.55015e+07
Max:      91003000
StdDev:  ±4.55015e+07
