s173-vector.body
Count:    1
Min:      3797721195
Median:   8003586
Mean:     1.89886e+09
Max:      3797721195
StdDev:  ±1.89886e+09
