s173-vector.body
Count:    1
Min:      3462042351
Median:   8003586
Mean:     1.73102e+09
Max:      3462042351
StdDev:  ±1.73102e+09
