s173-vector.body
Count:    1
Min:      3457702700
Median:   8003586
Mean:     1.72885e+09
Max:      3457702700
StdDev:  ±1.72885e+09
