s173-vector.body
Count:    1
Min:      3462238975
Median:   8003586
Mean:     1.73112e+09
Max:      3462238975
StdDev:  ±1.73112e+09
