s173-vector.body
Count:    1
Min:      3465056064
Median:   8003586
Mean:     1.73253e+09
Max:      3465056064
StdDev:  ±1.73253e+09
