s173-vector.body
Count:    1
Min:      3463877900
Median:   8003586
Mean:     1.73194e+09
Max:      3463877900
StdDev:  ±1.73194e+09
