s173-vector.body
Count:    1
Min:      3791554494
Median:   8003586
Mean:     1.89578e+09
Max:      3791554494
StdDev:  ±1.89578e+09
