s173-vector.body
Count:    1
Min:      3466894132
Median:   8003586
Mean:     1.73345e+09
Max:      3466894132
StdDev:  ±1.73345e+09
