s173-vector.body
Count:    1
Min:      3787761023
Median:   8003586
Mean:     1.89388e+09
Max:      3787761023
StdDev:  ±1.89388e+09
