init_array-for.body14
Count:    2
Min:      171306441
Median:   171306441
Mean:     3.27998e+08
Max:      484690399
StdDev:  ±1.56692e+08
