init_array-for.body14
Count:    2
Min:      170444440
Median:   170444440
Mean:     3.30988e+08
Max:      491531266
StdDev:  ±1.60543e+08
