init_array-for.body14
Count:    2
Min:      171252736
Median:   171252736
Mean:     3.29062e+08
Max:      486870989
StdDev:  ±1.57809e+08
