init_array-for.body14
Count:    2
Min:      171345980
Median:   171345980
Mean:     3.29189e+08
Max:      487032237
StdDev:  ±1.57843e+08
