init_array-for.body14
Count:    2
Min:      170942697
Median:   170942697
Mean:     3.30091e+08
Max:      489239704
StdDev:  ±1.59149e+08
