init_array-for.body14
Count:    2
Min:      170774031
Median:   170774031
Mean:     3.29442e+08
Max:      488109910
StdDev:  ±1.58668e+08
