init_array-for.body14
Count:    2
Min:      170592961
Median:   170592961
Mean:     3.29435e+08
Max:      488277430
StdDev:  ±1.58842e+08
