init_array-for.body14
Count:    2
Min:      171288468
Median:   171288468
Mean:     3.28918e+08
Max:      486547251
StdDev:  ±1.57629e+08
