init_array-for.body14
Count:    2
Min:      171006652
Median:   171006652
Mean:     3.28792e+08
Max:      486577896
StdDev:  ±1.57786e+08
