s116-for.body3
Count:    1
Min:      3478435435
Median:   8003586
Mean:     1.73922e+09
Max:      3478435435
StdDev:  ±1.73922e+09
