s116-for.body3
Count:    1
Min:      3088138672
Median:   8003586
Mean:     1.54407e+09
Max:      3088138672
StdDev:  ±1.54407e+09
