s116-for.body3
Count:    1
Min:      3079916832
Median:   8003586
Mean:     1.53996e+09
Max:      3079916832
StdDev:  ±1.53996e+09
