s116-for.body3
Count:    1
Min:      3642456267
Median:   8003586
Mean:     1.82123e+09
Max:      3642456267
StdDev:  ±1.82123e+09
