s116-for.body3
Count:    1
Min:      3087693295
Median:   8003586
Mean:     1.54385e+09
Max:      3087693295
StdDev:  ±1.54385e+09
