s116-for.body3
Count:    1
Min:      3310343864
Median:   8003586
Mean:     1.65517e+09
Max:      3310343864
StdDev:  ±1.65517e+09
