s116-for.body3
Count:    1
Min:      3316695075
Median:   8003586
Mean:     1.65835e+09
Max:      3316695075
StdDev:  ±1.65835e+09
