main-for.body9
Count:    1
Min:      3013624000
Median:   8000017
Mean:     1.50681e+09
Max:      3013624000
StdDev:  ±1.50681e+09
