main-for.body9
Count:    1
Min:      3013585000
Median:   8000017
Mean:     1.50679e+09
Max:      3013585000
StdDev:  ±1.50679e+09
