main-for.body9
Count:    1
Min:      3013632000
Median:   8000017
Mean:     1.50682e+09
Max:      3013632000
StdDev:  ±1.50682e+09
