s115-for.body6
Count:    1
Min:      1393356000
Median:   8000017
Mean:     6.96678e+08
Max:      1393356000
StdDev:  ±6.96678e+08
