s115-for.body6
Count:    1
Min:      1393555000
Median:   8000017
Mean:     6.96778e+08
Max:      1393555000
StdDev:  ±6.96778e+08
