s115-for.body6
Count:    1
Min:      1395326000
Median:   8000017
Mean:     6.97663e+08
Max:      1395326000
StdDev:  ±6.97663e+08
