s115-for.body6
Count:    1
Min:      1302865000
Median:   8000017
Mean:     6.51432e+08
Max:      1302865000
StdDev:  ±6.51432e+08
