s115-for.body6
Count:    1
Min:      1392950000
Median:   8000017
Mean:     6.96475e+08
Max:      1392950000
StdDev:  ±6.96475e+08
