s115-for.body6
Count:    1
Min:      1392943000
Median:   8000017
Mean:     6.96472e+08
Max:      1392943000
StdDev:  ±6.96472e+08
