s115-for.body6
Count:    1
Min:      1383691000
Median:   8000017
Mean:     6.91846e+08
Max:      1383691000
StdDev:  ±6.91846e+08
