s115-for.body6
Count:    1
Min:      1391488000
Median:   8000017
Mean:     6.95744e+08
Max:      1391488000
StdDev:  ±6.95744e+08
