s115-for.body6
Count:    1
Min:      1391444000
Median:   8000017
Mean:     6.95722e+08
Max:      1391444000
StdDev:  ±6.95722e+08
