s115-for.body6
Count:    1
Min:      1383945000
Median:   8000017
Mean:     6.91972e+08
Max:      1383945000
StdDev:  ±6.91972e+08
