s115-for.body6
Count:    1
Min:      1383893000
Median:   8000017
Mean:     6.91946e+08
Max:      1383893000
StdDev:  ±6.91946e+08
