s115-for.body6
Count:    1
Min:      1382974000
Median:   8000017
Mean:     6.91487e+08
Max:      1382974000
StdDev:  ±6.91487e+08
