s115-for.body6
Count:    1
Min:      1390062000
Median:   8000017
Mean:     6.95031e+08
Max:      1390062000
StdDev:  ±6.95031e+08
