s244-for.body3
Count:    1
Min:      6705294413
Median:   8003586
Mean:     3.35265e+09
Max:      6705294413
StdDev:  ±3.35265e+09
