s244-for.body3
Count:    1
Min:      6645087187
Median:   8003586
Mean:     3.32254e+09
Max:      6645087187
StdDev:  ±3.32254e+09
