s244-for.body3
Count:    1
Min:      6333090175
Median:   8003586
Mean:     3.16655e+09
Max:      6333090175
StdDev:  ±3.16655e+09
