s244-for.body3
Count:    1
Min:      6603563083
Median:   8003586
Mean:     3.30178e+09
Max:      6603563083
StdDev:  ±3.30178e+09
