s244-for.body3
Count:    1
Min:      6525523481
Median:   8003586
Mean:     3.26276e+09
Max:      6525523481
StdDev:  ±3.26276e+09
