s244-for.body3
Count:    1
Min:      6211699087
Median:   8003586
Mean:     3.10585e+09
Max:      6211699087
StdDev:  ±3.10585e+09
