s422-for.body4
Count:    1
Min:      5317736167
Median:   8003586
Mean:     2.65887e+09
Max:      5317736167
StdDev:  ±2.65887e+09
