s322-for.body3
Count:    1
Min:      2128901000
Median:   8000017
Mean:     1.06445e+09
Max:      2128901000
StdDev:  ±1.06445e+09
