s322-for.body3
Count:    1
Min:      2107550000
Median:   8000017
Mean:     1.05378e+09
Max:      2107550000
StdDev:  ±1.05378e+09
