s322-for.body3
Count:    1
Min:      2107541000
Median:   8000017
Mean:     1.05377e+09
Max:      2107541000
StdDev:  ±1.05377e+09
