s322-for.body3
Count:    1
Min:      2152158000
Median:   8000017
Mean:     1.07608e+09
Max:      2152158000
StdDev:  ±1.07608e+09
