s322-for.body3
Count:    1
Min:      2152228000
Median:   8000017
Mean:     1.07611e+09
Max:      2152228000
StdDev:  ±1.07611e+09
