s322-for.body3
Count:    1
Min:      2122492000
Median:   8000017
Mean:     1.06125e+09
Max:      2122492000
StdDev:  ±1.06125e+09
