s322-for.body3
Count:    1
Min:      2122415000
Median:   8000017
Mean:     1.06121e+09
Max:      2122415000
StdDev:  ±1.06121e+09
