s322-for.body3
Count:    1
Min:      2135632000
Median:   8000017
Mean:     1.06782e+09
Max:      2135632000
StdDev:  ±1.06782e+09
