s322-for.body3
Count:    1
Min:      2135679000
Median:   8000017
Mean:     1.06784e+09
Max:      2135679000
StdDev:  ±1.06784e+09
