s322-for.body3
Count:    1
Min:      2246693000
Median:   8000017
Mean:     1.12335e+09
Max:      2246693000
StdDev:  ±1.12335e+09
