s322-for.body3
Count:    1
Min:      2131638000
Median:   8000017
Mean:     1.06582e+09
Max:      2131638000
StdDev:  ±1.06582e+09
