s322-for.body3
Count:    1
Min:      2132325000
Median:   8000017
Mean:     1.06616e+09
Max:      2132325000
StdDev:  ±1.06616e+09
