s322-for.body3
Count:    1
Min:      2154077000
Median:   8000017
Mean:     1.07704e+09
Max:      2154077000
StdDev:  ±1.07704e+09
