s322-for.body3
Count:    1
Min:      2154750000
Median:   8000017
Mean:     1.07738e+09
Max:      2154750000
StdDev:  ±1.07738e+09
