s322-for.body3
Count:    1
Min:      2150731000
Median:   8000017
Mean:     1.07537e+09
Max:      2150731000
StdDev:  ±1.07537e+09
