s322-for.body3
Count:    1
Min:      2123287000
Median:   8000017
Mean:     1.06164e+09
Max:      2123287000
StdDev:  ±1.06164e+09
