kernel_syrk_StrictFP-for.body17
Count:    1
Min:      12418428311
Median:   8003586
Mean:     6.20921e+09
Max:      12418428311
StdDev:  ±6.20921e+09
