kernel_syrk_StrictFP-for.body17
Count:    1
Min:      12378696306
Median:   8003586
Mean:     6.18935e+09
Max:      12378696306
StdDev:  ±6.18935e+09
