kernel_syrk_StrictFP-for.body17
Count:    1
Min:      12421267543
Median:   8003586
Mean:     6.21063e+09
Max:      12421267543
StdDev:  ±6.21063e+09
