kernel_syrk_StrictFP-for.body17
Count:    1
Min:      12382099632
Median:   8003586
Mean:     6.19105e+09
Max:      12382099632
StdDev:  ±6.19105e+09
