kernel_syrk_StrictFP-for.body17
Count:    1
Min:      12426303498
Median:   8003586
Mean:     6.21315e+09
Max:      12426303498
StdDev:  ±6.21315e+09
