kernel_covariance-for.body45
Count:    2
Min:      27257832026
Median:   27257832026
Mean:     2.72589e+10
Max:      27259937739
StdDev:  ±1.05286e+06
