s116-for.body3
Count:    1
Min:      1783458000
Median:   8000017
Mean:     8.91729e+08
Max:      1783458000
StdDev:  ±8.91729e+08
