s116-for.body3
Count:    1
Min:      1779567000
Median:   8000017
Mean:     8.89784e+08
Max:      1779567000
StdDev:  ±8.89784e+08
