s116-for.body3
Count:    1
Min:      1900957000
Median:   8000017
Mean:     9.50478e+08
Max:      1900957000
StdDev:  ±9.50478e+08
