s116-for.body3
Count:    1
Min:      1902943000
Median:   8000017
Mean:     9.51472e+08
Max:      1902943000
StdDev:  ±9.51472e+08
