s116-for.body3
Count:    1
Min:      1789762000
Median:   8000017
Mean:     8.94881e+08
Max:      1789762000
StdDev:  ±8.94881e+08
