s116-for.body3
Count:    1
Min:      1993469000
Median:   8000017
Mean:     9.96734e+08
Max:      1993469000
StdDev:  ±9.96734e+08
