s116-for.body3
Count:    1
Min:      1937270000
Median:   8000017
Mean:     9.68635e+08
Max:      1937270000
StdDev:  ±9.68635e+08
