s116-for.body3
Count:    1
Min:      1795008000
Median:   8000017
Mean:     8.97504e+08
Max:      1795008000
StdDev:  ±8.97504e+08
