s116-for.body3
Count:    1
Min:      1789023000
Median:   8000017
Mean:     8.94512e+08
Max:      1789023000
StdDev:  ±8.94512e+08
