s116-for.body3
Count:    1
Min:      1787873000
Median:   8000017
Mean:     8.93936e+08
Max:      1787873000
StdDev:  ±8.93936e+08
