s116-for.body3
Count:    1
Min:      2022300000
Median:   8000017
Mean:     1.01115e+09
Max:      2022300000
StdDev:  ±1.01115e+09
