s116-for.body3
Count:    1
Min:      1897525000
Median:   8000017
Mean:     9.48762e+08
Max:      1897525000
StdDev:  ±9.48762e+08
