s116-for.body3
Count:    1
Min:      1895997000
Median:   8000017
Mean:     9.47998e+08
Max:      1895997000
StdDev:  ±9.47998e+08
