s116-for.body3
Count:    1
Min:      1864113000
Median:   8000017
Mean:     9.32056e+08
Max:      1864113000
StdDev:  ±9.32056e+08
